400 2
2.327200000000000000e+04 4.563300000000000000e+04
4.492000000000000000e+03 5.675400000000000000e+04
6.131400000000000000e+04 5.111000000000000000e+04
2.861600000000000000e+04 5.941600000000000000e+04
1.924200000000000000e+04 6.179700000000000000e+04
3.709400000000000000e+04 4.411900000000000000e+04
5.397300000000000000e+04 4.411200000000000000e+04
6.095500000000000000e+04 5.789600000000000000e+04
3.657500000000000000e+04 5.848300000000000000e+04
6.395700000000000000e+04 4.775300000000000000e+04
2.958100000000000000e+04 4.426800000000000000e+04
1.148000000000000000e+04 5.060400000000000000e+04
2.501400000000000000e+04 5.605500000000000000e+04
4.192700000000000000e+04 4.854300000000000000e+04
1.099300000000000000e+04 5.991000000000000000e+04
5.869000000000000000e+04 3.861900000000000000e+04
5.781200000000000000e+04 6.192300000000000000e+04
5.564500000000000000e+04 4.336300000000000000e+04
3.963000000000000000e+04 4.524600000000000000e+04
2.076500000000000000e+04 6.070900000000000000e+04
8.524000000000000000e+03 5.070800000000000000e+04
3.204900000000000000e+04 4.781900000000000000e+04
6.012900000000000000e+04 4.616100000000000000e+04
3.428900000000000000e+04 5.668400000000000000e+04
3.617200000000000000e+04 3.580600000000000000e+04
5.083500000000000000e+04 5.009900000000000000e+04
3.619500000000000000e+04 5.160600000000000000e+04
1.826100000000000000e+04 5.307200000000000000e+04
2.911600000000000000e+04 5.911900000000000000e+04
5.813400000000000000e+04 5.187700000000000000e+04
6.752000000000000000e+03 5.490300000000000000e+04
2.569300000000000000e+04 4.623200000000000000e+04
5.842700000000000000e+04 3.268300000000000000e+04
1.466500000000000000e+04 6.043600000000000000e+04
4.290400000000000000e+04 4.478500000000000000e+04
2.617200000000000000e+04 5.521500000000000000e+04
1.499500000000000000e+04 5.588900000000000000e+04
3.655200000000000000e+04 5.165500000000000000e+04
5.324200000000000000e+04 5.147300000000000000e+04
3.580800000000000000e+04 3.637600000000000000e+04
3.030400000000000000e+04 6.114100000000000000e+04
5.860400000000000000e+04 5.433600000000000000e+04
2.344100000000000000e+04 4.588600000000000000e+04
4.927000000000000000e+03 5.270100000000000000e+04
2.078400000000000000e+04 6.093500000000000000e+04
4.049200000000000000e+04 4.776100000000000000e+04
5.674900000000000000e+04 4.552900000000000000e+04
5.879700000000000000e+04 5.837700000000000000e+04
5.760300000000000000e+04 3.402900000000000000e+04
1.020000000000000000e+04 6.216600000000000000e+04
4.578600000000000000e+04 4.658000000000000000e+04
2.598500000000000000e+04 5.779500000000000000e+04
1.279100000000000000e+04 5.042600000000000000e+04
3.180200000000000000e+04 4.747600000000000000e+04
6.125800000000000000e+04 4.606400000000000000e+04
3.756600000000000000e+04 5.945600000000000000e+04
3.651500000000000000e+04 3.635600000000000000e+04
5.210300000000000000e+04 4.920400000000000000e+04
3.345300000000000000e+04 5.048500000000000000e+04
1.390900000000000000e+04 5.333700000000000000e+04
3.006800000000000000e+04 6.224500000000000000e+04
6.127200000000000000e+04 5.241000000000000000e+04
4.159000000000000000e+03 5.403500000000000000e+04
2.359400000000000000e+04 4.595000000000000000e+04
2.091400000000000000e+04 4.409100000000000000e+04
4.084000000000000000e+03 5.484300000000000000e+04
5.904500000000000000e+04 5.270600000000000000e+04
3.121500000000000000e+04 5.984800000000000000e+04
1.466500000000000000e+04 5.339300000000000000e+04
3.616300000000000000e+04 5.303100000000000000e+04
4.968500000000000000e+04 4.860500000000000000e+04
3.509100000000000000e+04 3.564100000000000000e+04
3.459600000000000000e+04 5.976500000000000000e+04
6.298200000000000000e+04 4.531400000000000000e+04
3.111900000000000000e+04 4.605500000000000000e+04
1.187600000000000000e+04 5.002300000000000000e+04
2.038400000000000000e+04 6.243700000000000000e+04
3.685900000000000000e+04 4.283200000000000000e+04
5.445900000000000000e+04 4.396400000000000000e+04
5.944900000000000000e+04 6.212100000000000000e+04
6.165400000000000000e+04 6.145000000000000000e+04
5.534600000000000000e+04 4.098700000000000000e+04
3.754200000000000000e+04 4.660000000000000000e+04
1.954500000000000000e+04 6.083400000000000000e+04
2.847000000000000000e+03 5.430500000000000000e+04
2.355400000000000000e+04 4.586300000000000000e+04
6.144200000000000000e+04 5.179200000000000000e+04
2.839200000000000000e+04 6.134600000000000000e+04
3.585100000000000000e+04 3.914200000000000000e+04
5.211000000000000000e+04 4.867900000000000000e+04
3.652200000000000000e+04 5.016400000000000000e+04
1.979800000000000000e+04 5.284500000000000000e+04
2.587300000000000000e+04 5.967800000000000000e+04
4.467700000000000000e+04 4.792100000000000000e+04
8.908000000000000000e+03 5.902900000000000000e+04
5.614300000000000000e+04 3.565800000000000000e+04
5.438100000000000000e+04 3.682000000000000000e+04
1.093900000000000000e+04 5.834600000000000000e+04
4.488200000000000000e+04 4.724500000000000000e+04
2.718100000000000000e+04 5.491900000000000000e+04
1.661200000000000000e+04 5.381600000000000000e+04
3.489300000000000000e+04 5.001100000000000000e+04
5.024400000000000000e+04 4.847700000000000000e+04
3.739600000000000000e+04 3.892400000000000000e+04
3.514100000000000000e+04 6.057100000000000000e+04
6.119000000000000000e+04 4.706600000000000000e+04
2.989900000000000000e+04 4.574800000000000000e+04
9.443000000000000000e+03 5.207500000000000000e+04
1.929000000000000000e+04 6.074700000000000000e+04
3.838500000000000000e+04 4.280900000000000000e+04
5.358200000000000000e+04 4.091600000000000000e+04
5.770600000000000000e+04 5.648100000000000000e+04
5.649000000000000000e+04 3.503400000000000000e+04
1.143600000000000000e+04 5.945200000000000000e+04
4.575400000000000000e+04 4.681700000000000000e+04
2.793700000000000000e+04 5.813800000000000000e+04
9.706000000000000000e+03 4.839900000000000000e+04
3.056100000000000000e+04 4.626400000000000000e+04
5.998800000000000000e+04 4.826800000000000000e+04
3.670900000000000000e+04 5.686800000000000000e+04
3.596700000000000000e+04 3.667300000000000000e+04
5.054500000000000000e+04 4.934300000000000000e+04
3.603500000000000000e+04 4.944600000000000000e+04
1.914300000000000000e+04 5.328400000000000000e+04
3.141300000000000000e+04 6.051100000000000000e+04
5.843200000000000000e+04 5.232800000000000000e+04
6.046000000000000000e+03 5.549700000000000000e+04
2.478800000000000000e+04 4.477100000000000000e+04
2.333800000000000000e+04 4.690200000000000000e+04
5.755000000000000000e+03 5.362700000000000000e+04
6.345700000000000000e+04 5.260000000000000000e+04
3.088700000000000000e+04 6.236000000000000000e+04
1.616600000000000000e+04 5.383600000000000000e+04
3.656800000000000000e+04 5.253900000000000000e+04
5.460200000000000000e+04 5.030900000000000000e+04
3.779700000000000000e+04 3.627800000000000000e+04
3.553400000000000000e+04 6.021400000000000000e+04
6.013500000000000000e+04 4.659200000000000000e+04
3.079300000000000000e+04 4.276600000000000000e+04
1.040100000000000000e+04 5.309000000000000000e+04
2.591600000000000000e+04 5.410600000000000000e+04
4.369000000000000000e+04 4.466900000000000000e+04
1.113400000000000000e+04 6.062700000000000000e+04
5.828000000000000000e+04 3.507700000000000000e+04
5.926900000000000000e+04 5.999200000000000000e+04
5.603600000000000000e+04 4.210200000000000000e+04
3.669200000000000000e+04 4.315700000000000000e+04
1.684600000000000000e+04 6.261300000000000000e+04
9.837000000000000000e+03 5.001100000000000000e+04
3.157300000000000000e+04 4.580400000000000000e+04
6.070700000000000000e+04 4.605800000000000000e+04
3.961100000000000000e+04 5.674100000000000000e+04
3.434900000000000000e+04 3.712500000000000000e+04
5.239300000000000000e+04 4.948600000000000000e+04
3.462200000000000000e+04 5.196200000000000000e+04
1.743100000000000000e+04 5.442000000000000000e+04
2.654200000000000000e+04 5.729700000000000000e+04
4.416300000000000000e+04 4.752600000000000000e+04
6.693000000000000000e+03 6.043000000000000000e+04
5.680900000000000000e+04 3.629700000000000000e+04
5.661800000000000000e+04 3.543600000000000000e+04
1.163100000000000000e+04 5.971400000000000000e+04
4.530800000000000000e+04 4.517300000000000000e+04
2.542500000000000000e+04 5.715100000000000000e+04
1.076600000000000000e+04 5.158500000000000000e+04
2.932800000000000000e+04 4.446700000000000000e+04
6.002500000000000000e+04 5.054000000000000000e+04
3.639800000000000000e+04 5.916500000000000000e+04
3.005000000000000000e+04 6.021800000000000000e+04
5.797800000000000000e+04 5.297500000000000000e+04
2.348700000000000000e+04 4.255700000000000000e+04
2.916000000000000000e+03 5.418000000000000000e+04
2.107200000000000000e+04 6.359700000000000000e+04
3.645100000000000000e+04 4.488500000000000000e+04
5.435300000000000000e+04 4.245300000000000000e+04
5.816700000000000000e+04 5.773700000000000000e+04
6.074300000000000000e+04 5.820600000000000000e+04
5.566500000000000000e+04 4.410000000000000000e+04
3.984600000000000000e+04 4.435900000000000000e+04
2.189900000000000000e+04 6.123700000000000000e+04
1.243600000000000000e+04 4.881600000000000000e+04
3.002600000000000000e+04 4.568200000000000000e+04
6.057300000000000000e+04 4.506400000000000000e+04
3.494500000000000000e+04 5.775700000000000000e+04
3.906300000000000000e+04 3.571700000000000000e+04
5.084300000000000000e+04 4.983600000000000000e+04
3.640000000000000000e+04 4.992800000000000000e+04
1.690500000000000000e+04 5.516900000000000000e+04
3.299700000000000000e+04 5.965500000000000000e+04
5.989800000000000000e+04 5.124500000000000000e+04
4.222000000000000000e+03 5.739200000000000000e+04
2.746300000000000000e+04 4.698600000000000000e+04
2.327700000000000000e+04 4.468800000000000000e+04
7.700000000000000000e+03 5.498800000000000000e+04
6.325600000000000000e+04 5.331900000000000000e+04
3.014500000000000000e+04 5.944700000000000000e+04
1.757300000000000000e+04 5.637600000000000000e+04
3.651000000000000000e+04 5.024000000000000000e+04
5.474800000000000000e+04 4.743500000000000000e+04
3.572100000000000000e+04 3.622900000000000000e+04
3.758900000000000000e+04 5.877000000000000000e+04
6.063000000000000000e+04 4.728500000000000000e+04
3.219800000000000000e+04 4.669900000000000000e+04
8.506000000000000000e+03 5.066500000000000000e+04
2.689600000000000000e+04 5.728400000000000000e+04
4.826600000000000000e+04 4.518400000000000000e+04
8.828000000000000000e+03 5.910200000000000000e+04
5.785000000000000000e+04 3.562600000000000000e+04
5.911100000000000000e+04 5.973900000000000000e+04
5.406400000000000000e+04 4.140900000000000000e+04
3.738200000000000000e+04 4.479500000000000000e+04
2.037800000000000000e+04 6.254900000000000000e+04
3.589000000000000000e+03 5.339300000000000000e+04
2.314400000000000000e+04 4.549400000000000000e+04
5.919800000000000000e+04 5.256100000000000000e+04
2.975800000000000000e+04 6.352800000000000000e+04
3.455300000000000000e+04 3.716100000000000000e+04
5.158600000000000000e+04 4.917000000000000000e+04
3.734800000000000000e+04 4.971600000000000000e+04
1.989200000000000000e+04 5.486000000000000000e+04
2.770700000000000000e+04 5.666100000000000000e+04
4.218700000000000000e+04 4.486000000000000000e+04
9.347000000000000000e+03 6.151200000000000000e+04
5.738100000000000000e+04 3.438300000000000000e+04
5.979600000000000000e+04 3.487400000000000000e+04
1.027900000000000000e+04 5.768100000000000000e+04
4.602100000000000000e+04 4.433100000000000000e+04
2.573800000000000000e+04 5.823500000000000000e+04
1.674600000000000000e+04 5.522800000000000000e+04
3.691100000000000000e+04 5.233000000000000000e+04
5.198500000000000000e+04 4.975400000000000000e+04
3.581100000000000000e+04 3.742200000000000000e+04
3.557800000000000000e+04 5.769200000000000000e+04
6.234500000000000000e+04 4.709100000000000000e+04
3.310800000000000000e+04 4.596400000000000000e+04
6.951000000000000000e+03 5.175800000000000000e+04
1.933500000000000000e+04 6.141000000000000000e+04
3.587600000000000000e+04 4.370000000000000000e+04
5.710300000000000000e+04 4.070900000000000000e+04
6.033100000000000000e+04 5.724000000000000000e+04
5.817700000000000000e+04 3.461000000000000000e+04
1.233500000000000000e+04 5.811500000000000000e+04
4.523400000000000000e+04 4.611000000000000000e+04
2.905300000000000000e+04 5.832600000000000000e+04
1.285100000000000000e+04 5.137300000000000000e+04
3.307800000000000000e+04 4.420800000000000000e+04
6.066200000000000000e+04 4.518300000000000000e+04
3.570000000000000000e+04 5.738400000000000000e+04
5.957300000000000000e+04 5.935800000000000000e+04
5.608700000000000000e+04 4.359900000000000000e+04
3.836500000000000000e+04 4.529000000000000000e+04
1.987100000000000000e+04 6.231200000000000000e+04
3.007500000000000000e+04 5.990700000000000000e+04
6.112900000000000000e+04 5.286700000000000000e+04
4.995000000000000000e+03 5.705700000000000000e+04
2.473800000000000000e+04 4.464000000000000000e+04
2.376700000000000000e+04 4.314100000000000000e+04
3.499000000000000000e+03 5.520600000000000000e+04
5.731600000000000000e+04 5.155700000000000000e+04
3.255700000000000000e+04 6.112000000000000000e+04
2.021100000000000000e+04 6.098600000000000000e+04
4.022800000000000000e+04 4.636000000000000000e+04
5.427200000000000000e+04 4.314500000000000000e+04
5.681400000000000000e+04 6.016700000000000000e+04
3.928300000000000000e+04 5.910700000000000000e+04
6.157600000000000000e+04 4.837100000000000000e+04
3.117000000000000000e+04 4.609700000000000000e+04
9.741000000000000000e+03 5.008900000000000000e+04
2.538300000000000000e+04 5.691100000000000000e+04
4.371100000000000000e+04 4.730800000000000000e+04
1.334800000000000000e+04 6.027500000000000000e+04
5.887800000000000000e+04 3.497800000000000000e+04
5.911200000000000000e+04 6.318700000000000000e+04
5.193600000000000000e+04 4.178400000000000000e+04
3.850800000000000000e+04 4.296200000000000000e+04
1.976400000000000000e+04 6.383800000000000000e+04
9.616000000000000000e+03 5.279300000000000000e+04
3.199100000000000000e+04 4.425500000000000000e+04
6.020400000000000000e+04 4.695500000000000000e+04
3.545700000000000000e+04 5.867100000000000000e+04
3.494000000000000000e+04 3.599000000000000000e+04
5.116200000000000000e+04 5.161200000000000000e+04
3.671100000000000000e+04 5.181600000000000000e+04
1.705000000000000000e+04 5.553400000000000000e+04
2.710800000000000000e+04 5.749100000000000000e+04
4.612500000000000000e+04 4.587900000000000000e+04
1.294800000000000000e+04 6.016200000000000000e+04
5.845700000000000000e+04 3.743200000000000000e+04
5.536600000000000000e+04 3.565000000000000000e+04
1.080200000000000000e+04 5.603100000000000000e+04
4.548600000000000000e+04 4.494000000000000000e+04
2.568900000000000000e+04 5.613500000000000000e+04
1.704400000000000000e+04 5.587700000000000000e+04
3.532800000000000000e+04 5.344600000000000000e+04
5.013900000000000000e+04 4.824000000000000000e+04
3.539500000000000000e+04 3.761900000000000000e+04
2.998700000000000000e+04 6.136900000000000000e+04
6.115900000000000000e+04 5.453200000000000000e+04
2.360900000000000000e+04 4.665600000000000000e+04
3.375000000000000000e+03 5.367700000000000000e+04
1.764300000000000000e+04 6.094900000000000000e+04
3.796900000000000000e+04 4.411600000000000000e+04
5.798100000000000000e+04 4.228700000000000000e+04
5.822200000000000000e+04 6.239500000000000000e+04
5.809800000000000000e+04 6.160400000000000000e+04
5.492500000000000000e+04 4.262400000000000000e+04
3.670200000000000000e+04 4.580200000000000000e+04
1.958300000000000000e+04 6.365900000000000000e+04
1.302000000000000000e+04 5.032900000000000000e+04
2.967900000000000000e+04 4.630100000000000000e+04
6.295100000000000000e+04 4.358100000000000000e+04
3.798800000000000000e+04 5.931200000000000000e+04
3.684400000000000000e+04 3.897600000000000000e+04
5.377100000000000000e+04 4.941100000000000000e+04
3.887500000000000000e+04 5.157800000000000000e+04
1.679800000000000000e+04 5.413500000000000000e+04
2.765900000000000000e+04 6.010000000000000000e+04
5.833600000000000000e+04 5.301400000000000000e+04
3.874000000000000000e+03 5.578400000000000000e+04
2.737600000000000000e+04 4.599500000000000000e+04
2.435500000000000000e+04 4.829200000000000000e+04
5.133000000000000000e+03 5.389800000000000000e+04
6.159300000000000000e+04 5.149600000000000000e+04
2.913000000000000000e+04 5.804100000000000000e+04
1.667500000000000000e+04 5.094000000000000000e+04
3.485600000000000000e+04 5.050700000000000000e+04
5.253300000000000000e+04 4.851900000000000000e+04
3.609500000000000000e+04 3.326800000000000000e+04
3.519200000000000000e+04 6.106900000000000000e+04
6.258300000000000000e+04 4.819700000000000000e+04
3.057800000000000000e+04 4.454200000000000000e+04
1.033300000000000000e+04 5.018200000000000000e+04
1.994300000000000000e+04 6.310800000000000000e+04
4.022500000000000000e+04 4.366900000000000000e+04
5.536800000000000000e+04 4.182800000000000000e+04
5.736600000000000000e+04 6.194500000000000000e+04
6.143800000000000000e+04 6.073100000000000000e+04
5.403200000000000000e+04 4.211100000000000000e+04
3.667100000000000000e+04 4.462200000000000000e+04
1.889200000000000000e+04 6.047500000000000000e+04
4.410000000000000000e+03 5.409800000000000000e+04
2.071400000000000000e+04 4.580500000000000000e+04
5.985600000000000000e+04 5.004100000000000000e+04
2.750500000000000000e+04 5.892600000000000000e+04
3.549200000000000000e+04 5.836000000000000000e+04
5.943400000000000000e+04 4.576700000000000000e+04
2.848300000000000000e+04 4.603700000000000000e+04
1.032100000000000000e+04 5.069100000000000000e+04
2.649000000000000000e+04 5.807400000000000000e+04
4.621100000000000000e+04 4.420600000000000000e+04
9.932000000000000000e+03 5.931600000000000000e+04
5.824700000000000000e+04 3.677700000000000000e+04
5.731200000000000000e+04 3.596700000000000000e+04
1.010200000000000000e+04 6.036400000000000000e+04
4.328000000000000000e+04 4.661700000000000000e+04
2.825000000000000000e+04 5.848200000000000000e+04
1.720600000000000000e+04 5.368700000000000000e+04
3.474800000000000000e+04 5.107500000000000000e+04
5.082200000000000000e+04 4.848000000000000000e+04
3.766700000000000000e+04 3.735000000000000000e+04
3.492400000000000000e+04 5.807200000000000000e+04
6.159500000000000000e+04 4.767700000000000000e+04
3.166200000000000000e+04 4.538300000000000000e+04
1.083900000000000000e+04 5.045500000000000000e+04
2.106200000000000000e+04 6.194000000000000000e+04
3.661100000000000000e+04 4.330800000000000000e+04
5.507800000000000000e+04 4.266800000000000000e+04
5.747300000000000000e+04 5.988900000000000000e+04
6.132800000000000000e+04 3.453900000000000000e+04
8.280000000000000000e+03 5.799700000000000000e+04
4.553600000000000000e+04 4.465300000000000000e+04
2.875900000000000000e+04 5.828800000000000000e+04
9.416000000000000000e+03 5.077000000000000000e+04
3.274400000000000000e+04 4.399900000000000000e+04
5.983500000000000000e+04 4.722200000000000000e+04
3.543600000000000000e+04 5.918000000000000000e+04
3.543800000000000000e+04 3.596100000000000000e+04
5.287200000000000000e+04 5.037500000000000000e+04
3.783000000000000000e+04 5.149600000000000000e+04
1.968000000000000000e+04 5.429600000000000000e+04
3.317100000000000000e+04 5.935900000000000000e+04
5.946600000000000000e+04 5.177500000000000000e+04
3.441000000000000000e+03 5.561600000000000000e+04
2.228500000000000000e+04 4.562900000000000000e+04
2.452700000000000000e+04 4.662600000000000000e+04
6.835000000000000000e+03 5.528100000000000000e+04
6.024900000000000000e+04 5.223800000000000000e+04
3.338700000000000000e+04 6.184700000000000000e+04
1.611100000000000000e+04 5.361900000000000000e+04
3.569300000000000000e+04 5.259500000000000000e+04
5.284600000000000000e+04 5.005200000000000000e+04
3.720100000000000000e+04 3.714100000000000000e+04
3.855800000000000000e+04 5.667000000000000000e+04
6.103400000000000000e+04 4.851900000000000000e+04
2.973500000000000000e+04 4.805500000000000000e+04
1.068000000000000000e+04 5.116400000000000000e+04
2.576000000000000000e+04 5.577600000000000000e+04
4.432400000000000000e+04 4.764600000000000000e+04
9.817000000000000000e+03 6.072800000000000000e+04
5.602600000000000000e+04 3.527900000000000000e+04
