400 2
1.775790000000000000e+05 3.198650000000000000e+05
8.511660000000000000e+05 5.323820000000000000e+05
4.014920000000000000e+05 7.903360000000000000e+05
1.714710000000000000e+05 5.767870000000000000e+05
4.002570000000000000e+05 4.049360000000000000e+05
8.505330000000000000e+05 1.601360000000000000e+05
5.797120000000000000e+05 5.683540000000000000e+05
1.884240000000000000e+05 8.497850000000000000e+05
3.337870000000000000e+05 1.894230000000000000e+05
8.033700000000000000e+05 3.182470000000000000e+05
2.658150000000000000e+05 5.403850000000000000e+05
3.994600000000000000e+05 3.994100000000000000e+05
5.055120000000000000e+05 2.038570000000000000e+05
8.222930000000000000e+05 7.868370000000000000e+05
6.158260000000000000e+05 8.631680000000000000e+05
6.518280000000000000e+05 4.681380000000000000e+05
6.694090000000000000e+05 4.158930000000000000e+05
5.986340000000000000e+05 6.199000000000000000e+05
8.495370000000000000e+05 1.575100000000000000e+05
5.194210000000000000e+05 1.546810000000000000e+05
8.449480000000000000e+05 5.633210000000000000e+05
1.613450000000000000e+05 3.508040000000000000e+05
4.244760000000000000e+05 7.815520000000000000e+05
3.208210000000000000e+05 1.654550000000000000e+05
2.710930000000000000e+05 8.614120000000000000e+05
7.975940000000000000e+05 3.021090000000000000e+05
3.539790000000000000e+05 5.789230000000000000e+05
4.053250000000000000e+05 4.074660000000000000e+05
1.469240000000000000e+05 5.659330000000000000e+05
8.401000000000000000e+05 7.288390000000000000e+05
7.890950000000000000e+05 8.956340000000000000e+05
6.225500000000000000e+05 3.916010000000000000e+05
6.806460000000000000e+05 3.756620000000000000e+05
6.948970000000000000e+05 8.345910000000000000e+05
8.460900000000000000e+05 6.513060000000000000e+05
1.399780000000000000e+05 5.871530000000000000e+05
4.180460000000000000e+05 3.584610000000000000e+05
3.286570000000000000e+05 5.648640000000000000e+05
8.419280000000000000e+05 3.989480000000000000e+05
2.879660000000000000e+05 1.501350000000000000e+05
1.143110000000000000e+05 6.016050000000000000e+05
3.984780000000000000e+05 8.222970000000000000e+05
1.981970000000000000e+05 3.449330000000000000e+05
8.538740000000000000e+05 5.602500000000000000e+05
4.964760000000000000e+05 1.403370000000000000e+05
8.820970000000000000e+05 1.614930000000000000e+05
5.976200000000000000e+05 5.862260000000000000e+05
2.968920000000000000e+05 9.011820000000000000e+05
6.115470000000000000e+05 4.119520000000000000e+05
6.055350000000000000e+05 9.253410000000000000e+05
8.300650000000000000e+05 7.391620000000000000e+05
5.068120000000000000e+05 1.670310000000000000e+05
8.640590000000000000e+05 5.458940000000000000e+05
3.212160000000000000e+05 5.698340000000000000e+05
8.060870000000000000e+05 3.266360000000000000e+05
3.411370000000000000e+05 7.828700000000000000e+04
2.246810000000000000e+05 8.584320000000000000e+05
6.314460000000000000e+05 5.611560000000000000e+05
8.717800000000000000e+05 1.584860000000000000e+05
3.838780000000000000e+05 3.762300000000000000e+05
1.409620000000000000e+05 5.181680000000000000e+05
3.942740000000000000e+05 8.374280000000000000e+05
6.766940000000000000e+05 8.515970000000000000e+05
2.113600000000000000e+05 2.797940000000000000e+05
1.556250000000000000e+05 2.623210000000000000e+05
6.917160000000000000e+05 8.734260000000000000e+05
7.860320000000000000e+05 7.014270000000000000e+05
9.493300000000000000e+04 5.881470000000000000e+05
3.853380000000000000e+05 4.407970000000000000e+05
3.492960000000000000e+05 5.576880000000000000e+05
8.708010000000000000e+05 4.763300000000000000e+05
2.447990000000000000e+05 8.416880000000000000e+05
2.837860000000000000e+05 1.339730000000000000e+05
4.229610000000000000e+05 8.215950000000000000e+05
3.258830000000000000e+05 5.604920000000000000e+05
8.756400000000000000e+05 5.612620000000000000e+05
5.107390000000000000e+05 1.211030000000000000e+05
8.754100000000000000e+05 1.288780000000000000e+05
6.719190000000000000e+05 5.717610000000000000e+05
5.941120000000000000e+05 3.993310000000000000e+05
2.682890000000000000e+05 8.782650000000000000e+05
6.028730000000000000e+05 5.278640000000000000e+05
8.425760000000000000e+05 1.530720000000000000e+05
4.818410000000000000e+05 2.093370000000000000e+05
8.585370000000000000e+05 5.485760000000000000e+05
1.710740000000000000e+05 2.936100000000000000e+05
3.897130000000000000e+05 7.727420000000000000e+05
1.517010000000000000e+05 5.741460000000000000e+05
2.921930000000000000e+05 1.254170000000000000e+05
8.041190000000000000e+05 3.285440000000000000e+05
4.191510000000000000e+05 5.773350000000000000e+05
3.997170000000000000e+05 4.032570000000000000e+05
4.617010000000000000e+05 1.884380000000000000e+05
7.512150000000000000e+05 8.283650000000000000e+05
6.744960000000000000e+05 8.706640000000000000e+05
5.762350000000000000e+05 4.626120000000000000e+05
7.144430000000000000e+05 4.338760000000000000e+05
6.725440000000000000e+05 8.599780000000000000e+05
8.044740000000000000e+05 7.471220000000000000e+05
9.424900000000000000e+04 6.008120000000000000e+05
4.277490000000000000e+05 4.571100000000000000e+05
3.392120000000000000e+05 5.386930000000000000e+05
8.246240000000000000e+05 3.817160000000000000e+05
2.414750000000000000e+05 8.508890000000000000e+05
3.221010000000000000e+05 1.641710000000000000e+05
4.250530000000000000e+05 7.905660000000000000e+05
1.631900000000000000e+05 3.317190000000000000e+05
9.106830000000000000e+05 6.128540000000000000e+05
5.143910000000000000e+05 1.565920000000000000e+05
8.573090000000000000e+05 1.392760000000000000e+05
5.754400000000000000e+05 5.685110000000000000e+05
2.636260000000000000e+05 8.516990000000000000e+05
6.192390000000000000e+05 4.000250000000000000e+05
6.580340000000000000e+05 8.971790000000000000e+05
8.070720000000000000e+05 6.879320000000000000e+05
4.694700000000000000e+05 1.893470000000000000e+05
8.971310000000000000e+05 6.045820000000000000e+05
3.568650000000000000e+05 5.457850000000000000e+05
7.895830000000000000e+05 2.877000000000000000e+05
2.917230000000000000e+05 1.778240000000000000e+05
2.269490000000000000e+05 8.892830000000000000e+05
5.466320000000000000e+05 5.992040000000000000e+05
8.490030000000000000e+05 1.153730000000000000e+05
3.513520000000000000e+05 3.629100000000000000e+05
1.510990000000000000e+05 5.180080000000000000e+05
3.995870000000000000e+05 7.924590000000000000e+05
8.142490000000000000e+05 4.884830000000000000e+05
7.605200000000000000e+04 3.608400000000000000e+05
2.208690000000000000e+05 4.073580000000000000e+05
8.068880000000000000e+05 4.923190000000000000e+05
4.395140000000000000e+05 7.582210000000000000e+05
1.443250000000000000e+05 5.389910000000000000e+05
3.950130000000000000e+05 3.871790000000000000e+05
8.540950000000000000e+05 1.585100000000000000e+05
6.635780000000000000e+05 5.862650000000000000e+05
1.743710000000000000e+05 8.646970000000000000e+05
4.331000000000000000e+05 1.348610000000000000e+05
8.105020000000000000e+05 3.361690000000000000e+05
3.355250000000000000e+05 5.674450000000000000e+05
8.718730000000000000e+05 5.090940000000000000e+05
4.868910000000000000e+05 1.751640000000000000e+05
7.895520000000000000e+05 7.319460000000000000e+05
7.499410000000000000e+05 9.169220000000000000e+05
6.039450000000000000e+05 3.617940000000000000e+05
2.766000000000000000e+05 8.233110000000000000e+05
5.885970000000000000e+05 6.225920000000000000e+05
8.301590000000000000e+05 1.343290000000000000e+05
5.277530000000000000e+05 2.139850000000000000e+05
8.942680000000000000e+05 5.325970000000000000e+05
1.586640000000000000e+05 3.107650000000000000e+05
3.651470000000000000e+05 7.905250000000000000e+05
3.325620000000000000e+05 1.746990000000000000e+05
2.911700000000000000e+05 1.101470000000000000e+05
7.876440000000000000e+05 2.977150000000000000e+05
3.368290000000000000e+05 5.622280000000000000e+05
3.775880000000000000e+05 4.026700000000000000e+05
1.255480000000000000e+05 5.524240000000000000e+05
8.117480000000000000e+05 7.661050000000000000e+05
6.549370000000000000e+05 7.818790000000000000e+05
6.863240000000000000e+05 3.642370000000000000e+05
6.571200000000000000e+05 3.867820000000000000e+05
7.069060000000000000e+05 8.856120000000000000e+05
7.978040000000000000e+05 7.153420000000000000e+05
5.208800000000000000e+05 2.009550000000000000e+05
3.597400000000000000e+05 3.795920000000000000e+05
4.127670000000000000e+05 5.935580000000000000e+05
8.026550000000000000e+05 3.162630000000000000e+05
3.320320000000000000e+05 1.577250000000000000e+05
1.983500000000000000e+04 5.702900000000000000e+05
3.821240000000000000e+05 7.862620000000000000e+05
1.878540000000000000e+05 3.547770000000000000e+05
9.254850000000000000e+05 5.969550000000000000e+05
5.496420000000000000e+05 1.575060000000000000e+05
8.462840000000000000e+05 1.138200000000000000e+05
6.956460000000000000e+05 6.522310000000000000e+05
2.578560000000000000e+05 8.464230000000000000e+05
6.421570000000000000e+05 3.455450000000000000e+05
6.262240000000000000e+05 5.696870000000000000e+05
8.364330000000000000e+05 2.001810000000000000e+05
5.149340000000000000e+05 2.191690000000000000e+05
8.549790000000000000e+05 5.397930000000000000e+05
1.684430000000000000e+05 3.679280000000000000e+05
4.694220000000000000e+05 8.226190000000000000e+05
2.714240000000000000e+05 2.513230000000000000e+05
2.387140000000000000e+05 8.588260000000000000e+05
8.144010000000000000e+05 3.412340000000000000e+05
3.400640000000000000e+05 5.505090000000000000e+05
4.025660000000000000e+05 4.157980000000000000e+05
1.301570000000000000e+05 5.812860000000000000e+05
8.282760000000000000e+05 7.620210000000000000e+05
6.402100000000000000e+05 9.020290000000000000e+05
1.630910000000000000e+05 3.501670000000000000e+05
1.682840000000000000e+05 3.090360000000000000e+05
6.900180000000000000e+05 8.192800000000000000e+05
8.751600000000000000e+05 6.988970000000000000e+05
1.400470000000000000e+05 5.400430000000000000e+05
3.991880000000000000e+05 4.024590000000000000e+05
8.116940000000000000e+05 1.883740000000000000e+05
7.972050000000000000e+05 3.133180000000000000e+05
2.616220000000000000e+05 8.697060000000000000e+05
3.217780000000000000e+05 1.583390000000000000e+05
4.344400000000000000e+05 8.228660000000000000e+05
3.444370000000000000e+05 5.294920000000000000e+05
8.374570000000000000e+05 5.187450000000000000e+05
4.694040000000000000e+05 1.819440000000000000e+05
7.972330000000000000e+05 7.133580000000000000e+05
6.654260000000000000e+05 8.539400000000000000e+05
6.628300000000000000e+05 4.209550000000000000e+05
2.411660000000000000e+05 8.452040000000000000e+05
5.987590000000000000e+05 5.829420000000000000e+05
8.640880000000000000e+05 1.713510000000000000e+05
5.112890000000000000e+05 1.832470000000000000e+05
8.564370000000000000e+05 5.324520000000000000e+05
1.626060000000000000e+05 3.631850000000000000e+05
4.057140000000000000e+05 7.816190000000000000e+05
1.662900000000000000e+05 5.217140000000000000e+05
3.006720000000000000e+05 1.758440000000000000e+05
7.919830000000000000e+05 2.985650000000000000e+05
3.415780000000000000e+05 5.586720000000000000e+05
3.818630000000000000e+05 4.166510000000000000e+05
1.318740000000000000e+05 5.525860000000000000e+05
8.202380000000000000e+05 7.329280000000000000e+05
6.663150000000000000e+05 8.723110000000000000e+05
5.703840000000000000e+05 3.935530000000000000e+05
6.932650000000000000e+05 3.885520000000000000e+05
6.830980000000000000e+05 8.472450000000000000e+05
7.896010000000000000e+05 7.140580000000000000e+05
1.435920000000000000e+05 6.069490000000000000e+05
3.860680000000000000e+05 4.225170000000000000e+05
3.329600000000000000e+05 5.693080000000000000e+05
7.834910000000000000e+05 2.880290000000000000e+05
2.217060000000000000e+05 8.750600000000000000e+05
2.792510000000000000e+05 1.844860000000000000e+05
4.145620000000000000e+05 7.873550000000000000e+05
1.643540000000000000e+05 3.476710000000000000e+05
8.747910000000000000e+05 5.590850000000000000e+05
4.860340000000000000e+05 1.961220000000000000e+05
8.643250000000000000e+05 1.705930000000000000e+05
6.002020000000000000e+05 6.220790000000000000e+05
2.723940000000000000e+05 8.376000000000000000e+05
6.208180000000000000e+05 3.969670000000000000e+05
6.714440000000000000e+05 8.602060000000000000e+05
8.765030000000000000e+05 6.591120000000000000e+05
5.175800000000000000e+05 1.703290000000000000e+05
4.360340000000000000e+05 3.859510000000000000e+05
3.303350000000000000e+05 5.682210000000000000e+05
7.969520000000000000e+05 3.186330000000000000e+05
3.470390000000000000e+05 1.954680000000000000e+05
3.093990000000000000e+05 8.387440000000000000e+05
6.277270000000000000e+05 5.787370000000000000e+05
8.847500000000000000e+05 1.543170000000000000e+05
3.838320000000000000e+05 3.405060000000000000e+05
1.118550000000000000e+05 5.315420000000000000e+05
3.666540000000000000e+05 8.021050000000000000e+05
8.663520000000000000e+05 5.359330000000000000e+05
1.535830000000000000e+05 3.522820000000000000e+05
1.769820000000000000e+05 3.546310000000000000e+05
8.620620000000000000e+05 5.457360000000000000e+05
4.350850000000000000e+05 7.915640000000000000e+05
1.728820000000000000e+05 5.711450000000000000e+05
3.858040000000000000e+05 3.931010000000000000e+05
8.781570000000000000e+05 2.104960000000000000e+05
6.011870000000000000e+05 5.318250000000000000e+05
2.461820000000000000e+05 8.403700000000000000e+05
3.052920000000000000e+05 1.752600000000000000e+05
7.971780000000000000e+05 3.104390000000000000e+05
3.365490000000000000e+05 5.655970000000000000e+05
8.708260000000000000e+05 5.246250000000000000e+05
4.996370000000000000e+05 1.940360000000000000e+05
8.011720000000000000e+05 7.158570000000000000e+05
6.299980000000000000e+05 8.777650000000000000e+05
5.724170000000000000e+05 4.039060000000000000e+05
2.982140000000000000e+05 8.209030000000000000e+05
6.257090000000000000e+05 6.601450000000000000e+05
8.023940000000000000e+05 8.783500000000000000e+04
4.732020000000000000e+05 1.407450000000000000e+05
8.774400000000000000e+05 5.291370000000000000e+05
2.032540000000000000e+05 3.626050000000000000e+05
3.708390000000000000e+05 7.278840000000000000e+05
4.155340000000000000e+05 1.105260000000000000e+05
2.382600000000000000e+05 8.824890000000000000e+05
8.113910000000000000e+05 3.438360000000000000e+05
2.943100000000000000e+05 5.635220000000000000e+05
4.082240000000000000e+05 3.997670000000000000e+05
1.504040000000000000e+05 5.398850000000000000e+05
7.558290000000000000e+05 7.518580000000000000e+05
6.657750000000000000e+05 8.456620000000000000e+05
6.172960000000000000e+05 3.868640000000000000e+05
6.297250000000000000e+05 4.051170000000000000e+05
6.691780000000000000e+05 8.660110000000000000e+05
8.154550000000000000e+05 7.554860000000000000e+05
1.476630000000000000e+05 5.555140000000000000e+05
4.020310000000000000e+05 4.260390000000000000e+05
3.655670000000000000e+05 5.476060000000000000e+05
8.102530000000000000e+05 3.238730000000000000e+05
2.924020000000000000e+05 1.844410000000000000e+05
1.766020000000000000e+05 5.745520000000000000e+05
3.921850000000000000e+05 7.137630000000000000e+05
2.002510000000000000e+05 3.062150000000000000e+05
8.446270000000000000e+05 5.564010000000000000e+05
5.154940000000000000e+05 1.884590000000000000e+05
8.213610000000000000e+05 1.758230000000000000e+05
5.675650000000000000e+05 5.739520000000000000e+05
2.677990000000000000e+05 8.479110000000000000e+05
5.716920000000000000e+05 4.493530000000000000e+05
5.881000000000000000e+05 5.575880000000000000e+05
9.059360000000000000e+05 1.501060000000000000e+05
5.147220000000000000e+05 1.909430000000000000e+05
8.465940000000000000e+05 5.229410000000000000e+05
2.824300000000000000e+05 5.602170000000000000e+05
4.143770000000000000e+05 7.712580000000000000e+05
3.065400000000000000e+05 1.934340000000000000e+05
2.476130000000000000e+05 8.158360000000000000e+05
8.008650000000000000e+05 3.129680000000000000e+05
7.911990000000000000e+05 1.648430000000000000e+05
3.839920000000000000e+05 3.982450000000000000e+05
1.582830000000000000e+05 5.705500000000000000e+05
8.221560000000000000e+05 7.322960000000000000e+05
6.418400000000000000e+05 8.867450000000000000e+05
1.153630000000000000e+05 3.055750000000000000e+05
1.698760000000000000e+05 3.408600000000000000e+05
6.739530000000000000e+05 8.359260000000000000e+05
8.169550000000000000e+05 7.476290000000000000e+05
1.306570000000000000e+05 5.555450000000000000e+05
4.037510000000000000e+05 3.855390000000000000e+05
3.786480000000000000e+05 5.795790000000000000e+05
8.028140000000000000e+05 3.201300000000000000e+05
1.639560000000000000e+05 8.337320000000000000e+05
3.244440000000000000e+05 1.669100000000000000e+05
4.076940000000000000e+05 7.185920000000000000e+05
1.392990000000000000e+05 3.140460000000000000e+05
8.460820000000000000e+05 5.410260000000000000e+05
5.280110000000000000e+05 2.016150000000000000e+05
8.500460000000000000e+05 1.088290000000000000e+05
5.821760000000000000e+05 6.303830000000000000e+05
6.352420000000000000e+05 3.562900000000000000e+05
2.605900000000000000e+05 8.279550000000000000e+05
5.930610000000000000e+05 5.791880000000000000e+05
8.683750000000000000e+05 1.619900000000000000e+05
4.061840000000000000e+05 3.945060000000000000e+05
7.959090000000000000e+05 4.628640000000000000e+05
1.718480000000000000e+05 3.432420000000000000e+05
3.975610000000000000e+05 8.152450000000000000e+05
1.377870000000000000e+05 5.661890000000000000e+05
4.255630000000000000e+05 1.635240000000000000e+05
8.043320000000000000e+05 3.190060000000000000e+05
3.219100000000000000e+05 5.738250000000000000e+05
4.041570000000000000e+05 4.063240000000000000e+05
5.531180000000000000e+05 1.654720000000000000e+05
8.224250000000000000e+05 7.272480000000000000e+05
6.728180000000000000e+05 8.819430000000000000e+05
6.897250000000000000e+05 4.656850000000000000e+05
6.333040000000000000e+05 3.660620000000000000e+05
6.642600000000000000e+05 8.590290000000000000e+05
8.684930000000000000e+05 6.771550000000000000e+05
1.806330000000000000e+05 5.703020000000000000e+05
3.567390000000000000e+05 4.178260000000000000e+05
3.388630000000000000e+05 5.631070000000000000e+05
8.065110000000000000e+05 3.138410000000000000e+05
3.378940000000000000e+05 1.752890000000000000e+05
2.933500000000000000e+05 1.759970000000000000e+05
3.978060000000000000e+05 7.495590000000000000e+05
1.569450000000000000e+05 3.393970000000000000e+05
8.808330000000000000e+05 5.370390000000000000e+05
4.903550000000000000e+05 1.534640000000000000e+05
8.502190000000000000e+05 1.105730000000000000e+05
5.850480000000000000e+05 5.050970000000000000e+05
2.618960000000000000e+05 8.974750000000000000e+05
5.874530000000000000e+05 4.010980000000000000e+05
7.224630000000000000e+05 8.826750000000000000e+05
8.235890000000000000e+05 7.280830000000000000e+05
5.070920000000000000e+05 1.751510000000000000e+05
9.085060000000000000e+05 5.496110000000000000e+05
3.419660000000000000e+05 5.619870000000000000e+05
7.739550000000000000e+05 2.398490000000000000e+05
3.431450000000000000e+05 1.722360000000000000e+05
2.448990000000000000e+05 8.121920000000000000e+05
5.891800000000000000e+05 5.950990000000000000e+05
8.525030000000000000e+05 1.465510000000000000e+05
3.476380000000000000e+05 4.291090000000000000e+05
1.380120000000000000e+05 5.582630000000000000e+05
4.195200000000000000e+05 7.782310000000000000e+05
5.733240000000000000e+05 8.788020000000000000e+05
1.804930000000000000e+05 3.197500000000000000e+05
1.626000000000000000e+05 3.925310000000000000e+05
8.369510000000000000e+05 5.462440000000000000e+05
4.233110000000000000e+05 8.130810000000000000e+05
1.889920000000000000e+05 5.639920000000000000e+05
3.539410000000000000e+05 3.999670000000000000e+05
8.665600000000000000e+05 1.651100000000000000e+05
6.085290000000000000e+05 5.863110000000000000e+05
2.565120000000000000e+05 8.370940000000000000e+05
2.917820000000000000e+05 1.595620000000000000e+05
8.211510000000000000e+05 3.665450000000000000e+05
3.279730000000000000e+05 5.349720000000000000e+05
8.135610000000000000e+05 5.831560000000000000e+05
5.141730000000000000e+05 1.393300000000000000e+05
8.270810000000000000e+05 6.945530000000000000e+05
6.745210000000000000e+05 8.611270000000000000e+05
6.501570000000000000e+05 4.029910000000000000e+05
