900 2
2.327200000000000000e+04 4.563300000000000000e+04
4.492000000000000000e+03 5.675400000000000000e+04
6.131400000000000000e+04 5.111000000000000000e+04
2.861600000000000000e+04 5.941600000000000000e+04
1.924200000000000000e+04 6.179700000000000000e+04
3.709400000000000000e+04 4.411900000000000000e+04
5.397300000000000000e+04 4.411200000000000000e+04
6.095500000000000000e+04 5.789600000000000000e+04
3.657500000000000000e+04 5.848300000000000000e+04
6.395700000000000000e+04 4.775300000000000000e+04
2.958100000000000000e+04 4.426800000000000000e+04
1.148000000000000000e+04 5.060400000000000000e+04
2.501400000000000000e+04 5.605500000000000000e+04
4.192700000000000000e+04 4.854300000000000000e+04
1.099300000000000000e+04 5.991000000000000000e+04
5.869000000000000000e+04 3.861900000000000000e+04
5.781200000000000000e+04 6.192300000000000000e+04
5.564500000000000000e+04 4.336300000000000000e+04
3.963000000000000000e+04 4.524600000000000000e+04
2.076500000000000000e+04 6.070900000000000000e+04
8.524000000000000000e+03 5.070800000000000000e+04
3.204900000000000000e+04 4.781900000000000000e+04
6.012900000000000000e+04 4.616100000000000000e+04
3.428900000000000000e+04 5.668400000000000000e+04
3.617200000000000000e+04 3.580600000000000000e+04
5.083500000000000000e+04 5.009900000000000000e+04
3.619500000000000000e+04 5.160600000000000000e+04
1.826100000000000000e+04 5.307200000000000000e+04
2.911600000000000000e+04 5.911900000000000000e+04
5.813400000000000000e+04 5.187700000000000000e+04
6.752000000000000000e+03 5.490300000000000000e+04
2.569300000000000000e+04 4.623200000000000000e+04
5.842700000000000000e+04 3.268300000000000000e+04
1.466500000000000000e+04 6.043600000000000000e+04
4.290400000000000000e+04 4.478500000000000000e+04
2.617200000000000000e+04 5.521500000000000000e+04
1.499500000000000000e+04 5.588900000000000000e+04
3.655200000000000000e+04 5.165500000000000000e+04
5.324200000000000000e+04 5.147300000000000000e+04
3.580800000000000000e+04 3.637600000000000000e+04
3.030400000000000000e+04 6.114100000000000000e+04
5.860400000000000000e+04 5.433600000000000000e+04
2.344100000000000000e+04 4.588600000000000000e+04
4.927000000000000000e+03 5.270100000000000000e+04
2.078400000000000000e+04 6.093500000000000000e+04
4.049200000000000000e+04 4.776100000000000000e+04
5.674900000000000000e+04 4.552900000000000000e+04
5.879700000000000000e+04 5.837700000000000000e+04
5.760300000000000000e+04 3.402900000000000000e+04
1.020000000000000000e+04 6.216600000000000000e+04
4.578600000000000000e+04 4.658000000000000000e+04
2.598500000000000000e+04 5.779500000000000000e+04
1.279100000000000000e+04 5.042600000000000000e+04
3.180200000000000000e+04 4.747600000000000000e+04
6.125800000000000000e+04 4.606400000000000000e+04
3.756600000000000000e+04 5.945600000000000000e+04
3.651500000000000000e+04 3.635600000000000000e+04
5.210300000000000000e+04 4.920400000000000000e+04
3.345300000000000000e+04 5.048500000000000000e+04
1.390900000000000000e+04 5.333700000000000000e+04
3.006800000000000000e+04 6.224500000000000000e+04
6.127200000000000000e+04 5.241000000000000000e+04
4.159000000000000000e+03 5.403500000000000000e+04
2.359400000000000000e+04 4.595000000000000000e+04
2.091400000000000000e+04 4.409100000000000000e+04
4.084000000000000000e+03 5.484300000000000000e+04
5.904500000000000000e+04 5.270600000000000000e+04
3.121500000000000000e+04 5.984800000000000000e+04
1.466500000000000000e+04 5.339300000000000000e+04
3.616300000000000000e+04 5.303100000000000000e+04
4.968500000000000000e+04 4.860500000000000000e+04
3.509100000000000000e+04 3.564100000000000000e+04
3.459600000000000000e+04 5.976500000000000000e+04
6.298200000000000000e+04 4.531400000000000000e+04
3.111900000000000000e+04 4.605500000000000000e+04
1.187600000000000000e+04 5.002300000000000000e+04
2.038400000000000000e+04 6.243700000000000000e+04
3.685900000000000000e+04 4.283200000000000000e+04
5.445900000000000000e+04 4.396400000000000000e+04
5.944900000000000000e+04 6.212100000000000000e+04
6.165400000000000000e+04 6.145000000000000000e+04
5.534600000000000000e+04 4.098700000000000000e+04
3.754200000000000000e+04 4.660000000000000000e+04
1.954500000000000000e+04 6.083400000000000000e+04
2.847000000000000000e+03 5.430500000000000000e+04
2.355400000000000000e+04 4.586300000000000000e+04
6.144200000000000000e+04 5.179200000000000000e+04
2.839200000000000000e+04 6.134600000000000000e+04
3.585100000000000000e+04 3.914200000000000000e+04
5.211000000000000000e+04 4.867900000000000000e+04
3.652200000000000000e+04 5.016400000000000000e+04
1.979800000000000000e+04 5.284500000000000000e+04
2.587300000000000000e+04 5.967800000000000000e+04
4.467700000000000000e+04 4.792100000000000000e+04
8.908000000000000000e+03 5.902900000000000000e+04
5.614300000000000000e+04 3.565800000000000000e+04
5.438100000000000000e+04 3.682000000000000000e+04
1.093900000000000000e+04 5.834600000000000000e+04
4.488200000000000000e+04 4.724500000000000000e+04
2.718100000000000000e+04 5.491900000000000000e+04
1.661200000000000000e+04 5.381600000000000000e+04
3.489300000000000000e+04 5.001100000000000000e+04
5.024400000000000000e+04 4.847700000000000000e+04
3.739600000000000000e+04 3.892400000000000000e+04
3.514100000000000000e+04 6.057100000000000000e+04
6.119000000000000000e+04 4.706600000000000000e+04
2.989900000000000000e+04 4.574800000000000000e+04
9.443000000000000000e+03 5.207500000000000000e+04
1.929000000000000000e+04 6.074700000000000000e+04
3.838500000000000000e+04 4.280900000000000000e+04
5.358200000000000000e+04 4.091600000000000000e+04
5.770600000000000000e+04 5.648100000000000000e+04
5.649000000000000000e+04 3.503400000000000000e+04
1.143600000000000000e+04 5.945200000000000000e+04
4.575400000000000000e+04 4.681700000000000000e+04
2.793700000000000000e+04 5.813800000000000000e+04
9.706000000000000000e+03 4.839900000000000000e+04
3.056100000000000000e+04 4.626400000000000000e+04
5.998800000000000000e+04 4.826800000000000000e+04
3.670900000000000000e+04 5.686800000000000000e+04
3.596700000000000000e+04 3.667300000000000000e+04
5.054500000000000000e+04 4.934300000000000000e+04
3.603500000000000000e+04 4.944600000000000000e+04
1.914300000000000000e+04 5.328400000000000000e+04
3.141300000000000000e+04 6.051100000000000000e+04
5.843200000000000000e+04 5.232800000000000000e+04
6.046000000000000000e+03 5.549700000000000000e+04
2.478800000000000000e+04 4.477100000000000000e+04
2.333800000000000000e+04 4.690200000000000000e+04
5.755000000000000000e+03 5.362700000000000000e+04
6.345700000000000000e+04 5.260000000000000000e+04
3.088700000000000000e+04 6.236000000000000000e+04
1.616600000000000000e+04 5.383600000000000000e+04
3.656800000000000000e+04 5.253900000000000000e+04
5.460200000000000000e+04 5.030900000000000000e+04
3.779700000000000000e+04 3.627800000000000000e+04
3.553400000000000000e+04 6.021400000000000000e+04
6.013500000000000000e+04 4.659200000000000000e+04
3.079300000000000000e+04 4.276600000000000000e+04
1.040100000000000000e+04 5.309000000000000000e+04
2.591600000000000000e+04 5.410600000000000000e+04
4.369000000000000000e+04 4.466900000000000000e+04
1.113400000000000000e+04 6.062700000000000000e+04
5.828000000000000000e+04 3.507700000000000000e+04
5.926900000000000000e+04 5.999200000000000000e+04
5.603600000000000000e+04 4.210200000000000000e+04
3.669200000000000000e+04 4.315700000000000000e+04
1.684600000000000000e+04 6.261300000000000000e+04
9.837000000000000000e+03 5.001100000000000000e+04
3.157300000000000000e+04 4.580400000000000000e+04
6.070700000000000000e+04 4.605800000000000000e+04
3.961100000000000000e+04 5.674100000000000000e+04
3.434900000000000000e+04 3.712500000000000000e+04
5.239300000000000000e+04 4.948600000000000000e+04
3.462200000000000000e+04 5.196200000000000000e+04
1.743100000000000000e+04 5.442000000000000000e+04
2.654200000000000000e+04 5.729700000000000000e+04
4.416300000000000000e+04 4.752600000000000000e+04
6.693000000000000000e+03 6.043000000000000000e+04
5.680900000000000000e+04 3.629700000000000000e+04
5.661800000000000000e+04 3.543600000000000000e+04
1.163100000000000000e+04 5.971400000000000000e+04
4.530800000000000000e+04 4.517300000000000000e+04
2.542500000000000000e+04 5.715100000000000000e+04
1.076600000000000000e+04 5.158500000000000000e+04
2.932800000000000000e+04 4.446700000000000000e+04
6.002500000000000000e+04 5.054000000000000000e+04
3.639800000000000000e+04 5.916500000000000000e+04
3.005000000000000000e+04 6.021800000000000000e+04
5.797800000000000000e+04 5.297500000000000000e+04
2.348700000000000000e+04 4.255700000000000000e+04
2.916000000000000000e+03 5.418000000000000000e+04
2.107200000000000000e+04 6.359700000000000000e+04
3.645100000000000000e+04 4.488500000000000000e+04
5.435300000000000000e+04 4.245300000000000000e+04
5.816700000000000000e+04 5.773700000000000000e+04
6.074300000000000000e+04 5.820600000000000000e+04
5.566500000000000000e+04 4.410000000000000000e+04
3.984600000000000000e+04 4.435900000000000000e+04
2.189900000000000000e+04 6.123700000000000000e+04
1.243600000000000000e+04 4.881600000000000000e+04
3.002600000000000000e+04 4.568200000000000000e+04
6.057300000000000000e+04 4.506400000000000000e+04
3.494500000000000000e+04 5.775700000000000000e+04
3.906300000000000000e+04 3.571700000000000000e+04
5.084300000000000000e+04 4.983600000000000000e+04
3.640000000000000000e+04 4.992800000000000000e+04
1.690500000000000000e+04 5.516900000000000000e+04
3.299700000000000000e+04 5.965500000000000000e+04
5.989800000000000000e+04 5.124500000000000000e+04
4.222000000000000000e+03 5.739200000000000000e+04
2.746300000000000000e+04 4.698600000000000000e+04
2.327700000000000000e+04 4.468800000000000000e+04
7.700000000000000000e+03 5.498800000000000000e+04
6.325600000000000000e+04 5.331900000000000000e+04
3.014500000000000000e+04 5.944700000000000000e+04
1.757300000000000000e+04 5.637600000000000000e+04
3.651000000000000000e+04 5.024000000000000000e+04
5.474800000000000000e+04 4.743500000000000000e+04
3.572100000000000000e+04 3.622900000000000000e+04
3.758900000000000000e+04 5.877000000000000000e+04
6.063000000000000000e+04 4.728500000000000000e+04
3.219800000000000000e+04 4.669900000000000000e+04
8.506000000000000000e+03 5.066500000000000000e+04
2.689600000000000000e+04 5.728400000000000000e+04
4.826600000000000000e+04 4.518400000000000000e+04
8.828000000000000000e+03 5.910200000000000000e+04
5.785000000000000000e+04 3.562600000000000000e+04
5.911100000000000000e+04 5.973900000000000000e+04
5.406400000000000000e+04 4.140900000000000000e+04
3.738200000000000000e+04 4.479500000000000000e+04
2.037800000000000000e+04 6.254900000000000000e+04
3.589000000000000000e+03 5.339300000000000000e+04
2.314400000000000000e+04 4.549400000000000000e+04
5.919800000000000000e+04 5.256100000000000000e+04
2.975800000000000000e+04 6.352800000000000000e+04
3.455300000000000000e+04 3.716100000000000000e+04
5.158600000000000000e+04 4.917000000000000000e+04
3.734800000000000000e+04 4.971600000000000000e+04
1.989200000000000000e+04 5.486000000000000000e+04
2.770700000000000000e+04 5.666100000000000000e+04
4.218700000000000000e+04 4.486000000000000000e+04
9.347000000000000000e+03 6.151200000000000000e+04
5.738100000000000000e+04 3.438300000000000000e+04
5.979600000000000000e+04 3.487400000000000000e+04
1.027900000000000000e+04 5.768100000000000000e+04
4.602100000000000000e+04 4.433100000000000000e+04
2.573800000000000000e+04 5.823500000000000000e+04
1.674600000000000000e+04 5.522800000000000000e+04
3.691100000000000000e+04 5.233000000000000000e+04
5.198500000000000000e+04 4.975400000000000000e+04
3.581100000000000000e+04 3.742200000000000000e+04
3.557800000000000000e+04 5.769200000000000000e+04
6.234500000000000000e+04 4.709100000000000000e+04
3.310800000000000000e+04 4.596400000000000000e+04
6.951000000000000000e+03 5.175800000000000000e+04
1.933500000000000000e+04 6.141000000000000000e+04
3.587600000000000000e+04 4.370000000000000000e+04
5.710300000000000000e+04 4.070900000000000000e+04
6.033100000000000000e+04 5.724000000000000000e+04
5.817700000000000000e+04 3.461000000000000000e+04
1.233500000000000000e+04 5.811500000000000000e+04
4.523400000000000000e+04 4.611000000000000000e+04
2.905300000000000000e+04 5.832600000000000000e+04
1.285100000000000000e+04 5.137300000000000000e+04
3.307800000000000000e+04 4.420800000000000000e+04
6.066200000000000000e+04 4.518300000000000000e+04
3.570000000000000000e+04 5.738400000000000000e+04
5.957300000000000000e+04 5.935800000000000000e+04
5.608700000000000000e+04 4.359900000000000000e+04
3.836500000000000000e+04 4.529000000000000000e+04
1.987100000000000000e+04 6.231200000000000000e+04
3.007500000000000000e+04 5.990700000000000000e+04
6.112900000000000000e+04 5.286700000000000000e+04
4.995000000000000000e+03 5.705700000000000000e+04
2.473800000000000000e+04 4.464000000000000000e+04
2.376700000000000000e+04 4.314100000000000000e+04
3.499000000000000000e+03 5.520600000000000000e+04
5.731600000000000000e+04 5.155700000000000000e+04
3.255700000000000000e+04 6.112000000000000000e+04
2.021100000000000000e+04 6.098600000000000000e+04
4.022800000000000000e+04 4.636000000000000000e+04
5.427200000000000000e+04 4.314500000000000000e+04
5.681400000000000000e+04 6.016700000000000000e+04
3.928300000000000000e+04 5.910700000000000000e+04
6.157600000000000000e+04 4.837100000000000000e+04
3.117000000000000000e+04 4.609700000000000000e+04
9.741000000000000000e+03 5.008900000000000000e+04
2.538300000000000000e+04 5.691100000000000000e+04
4.371100000000000000e+04 4.730800000000000000e+04
1.334800000000000000e+04 6.027500000000000000e+04
5.887800000000000000e+04 3.497800000000000000e+04
5.911200000000000000e+04 6.318700000000000000e+04
5.193600000000000000e+04 4.178400000000000000e+04
3.850800000000000000e+04 4.296200000000000000e+04
1.976400000000000000e+04 6.383800000000000000e+04
9.616000000000000000e+03 5.279300000000000000e+04
3.199100000000000000e+04 4.425500000000000000e+04
6.020400000000000000e+04 4.695500000000000000e+04
3.545700000000000000e+04 5.867100000000000000e+04
3.494000000000000000e+04 3.599000000000000000e+04
5.116200000000000000e+04 5.161200000000000000e+04
3.671100000000000000e+04 5.181600000000000000e+04
1.705000000000000000e+04 5.553400000000000000e+04
2.710800000000000000e+04 5.749100000000000000e+04
4.612500000000000000e+04 4.587900000000000000e+04
1.294800000000000000e+04 6.016200000000000000e+04
5.845700000000000000e+04 3.743200000000000000e+04
5.536600000000000000e+04 3.565000000000000000e+04
1.080200000000000000e+04 5.603100000000000000e+04
4.548600000000000000e+04 4.494000000000000000e+04
2.568900000000000000e+04 5.613500000000000000e+04
1.704400000000000000e+04 5.587700000000000000e+04
3.532800000000000000e+04 5.344600000000000000e+04
5.013900000000000000e+04 4.824000000000000000e+04
3.539500000000000000e+04 3.761900000000000000e+04
2.998700000000000000e+04 6.136900000000000000e+04
6.115900000000000000e+04 5.453200000000000000e+04
2.360900000000000000e+04 4.665600000000000000e+04
3.375000000000000000e+03 5.367700000000000000e+04
1.764300000000000000e+04 6.094900000000000000e+04
3.796900000000000000e+04 4.411600000000000000e+04
5.798100000000000000e+04 4.228700000000000000e+04
5.822200000000000000e+04 6.239500000000000000e+04
5.809800000000000000e+04 6.160400000000000000e+04
5.492500000000000000e+04 4.262400000000000000e+04
3.670200000000000000e+04 4.580200000000000000e+04
1.958300000000000000e+04 6.365900000000000000e+04
1.302000000000000000e+04 5.032900000000000000e+04
2.967900000000000000e+04 4.630100000000000000e+04
6.295100000000000000e+04 4.358100000000000000e+04
3.798800000000000000e+04 5.931200000000000000e+04
3.684400000000000000e+04 3.897600000000000000e+04
5.377100000000000000e+04 4.941100000000000000e+04
3.887500000000000000e+04 5.157800000000000000e+04
1.679800000000000000e+04 5.413500000000000000e+04
2.765900000000000000e+04 6.010000000000000000e+04
5.833600000000000000e+04 5.301400000000000000e+04
3.874000000000000000e+03 5.578400000000000000e+04
2.737600000000000000e+04 4.599500000000000000e+04
2.435500000000000000e+04 4.829200000000000000e+04
5.133000000000000000e+03 5.389800000000000000e+04
6.159300000000000000e+04 5.149600000000000000e+04
2.913000000000000000e+04 5.804100000000000000e+04
1.667500000000000000e+04 5.094000000000000000e+04
3.485600000000000000e+04 5.050700000000000000e+04
5.253300000000000000e+04 4.851900000000000000e+04
3.609500000000000000e+04 3.326800000000000000e+04
3.519200000000000000e+04 6.106900000000000000e+04
6.258300000000000000e+04 4.819700000000000000e+04
3.057800000000000000e+04 4.454200000000000000e+04
1.033300000000000000e+04 5.018200000000000000e+04
1.994300000000000000e+04 6.310800000000000000e+04
4.022500000000000000e+04 4.366900000000000000e+04
5.536800000000000000e+04 4.182800000000000000e+04
5.736600000000000000e+04 6.194500000000000000e+04
6.143800000000000000e+04 6.073100000000000000e+04
5.403200000000000000e+04 4.211100000000000000e+04
3.667100000000000000e+04 4.462200000000000000e+04
1.889200000000000000e+04 6.047500000000000000e+04
4.410000000000000000e+03 5.409800000000000000e+04
2.071400000000000000e+04 4.580500000000000000e+04
5.985600000000000000e+04 5.004100000000000000e+04
2.750500000000000000e+04 5.892600000000000000e+04
3.549200000000000000e+04 5.836000000000000000e+04
5.943400000000000000e+04 4.576700000000000000e+04
2.848300000000000000e+04 4.603700000000000000e+04
1.032100000000000000e+04 5.069100000000000000e+04
2.649000000000000000e+04 5.807400000000000000e+04
4.621100000000000000e+04 4.420600000000000000e+04
9.932000000000000000e+03 5.931600000000000000e+04
5.824700000000000000e+04 3.677700000000000000e+04
5.731200000000000000e+04 3.596700000000000000e+04
1.010200000000000000e+04 6.036400000000000000e+04
4.328000000000000000e+04 4.661700000000000000e+04
2.825000000000000000e+04 5.848200000000000000e+04
1.720600000000000000e+04 5.368700000000000000e+04
3.474800000000000000e+04 5.107500000000000000e+04
5.082200000000000000e+04 4.848000000000000000e+04
3.766700000000000000e+04 3.735000000000000000e+04
3.492400000000000000e+04 5.807200000000000000e+04
6.159500000000000000e+04 4.767700000000000000e+04
3.166200000000000000e+04 4.538300000000000000e+04
1.083900000000000000e+04 5.045500000000000000e+04
2.106200000000000000e+04 6.194000000000000000e+04
3.661100000000000000e+04 4.330800000000000000e+04
5.507800000000000000e+04 4.266800000000000000e+04
5.747300000000000000e+04 5.988900000000000000e+04
6.132800000000000000e+04 3.453900000000000000e+04
8.280000000000000000e+03 5.799700000000000000e+04
4.553600000000000000e+04 4.465300000000000000e+04
2.875900000000000000e+04 5.828800000000000000e+04
9.416000000000000000e+03 5.077000000000000000e+04
3.274400000000000000e+04 4.399900000000000000e+04
5.983500000000000000e+04 4.722200000000000000e+04
3.543600000000000000e+04 5.918000000000000000e+04
3.543800000000000000e+04 3.596100000000000000e+04
5.287200000000000000e+04 5.037500000000000000e+04
3.783000000000000000e+04 5.149600000000000000e+04
1.968000000000000000e+04 5.429600000000000000e+04
3.317100000000000000e+04 5.935900000000000000e+04
5.946600000000000000e+04 5.177500000000000000e+04
3.441000000000000000e+03 5.561600000000000000e+04
2.228500000000000000e+04 4.562900000000000000e+04
2.452700000000000000e+04 4.662600000000000000e+04
6.835000000000000000e+03 5.528100000000000000e+04
6.024900000000000000e+04 5.223800000000000000e+04
3.338700000000000000e+04 6.184700000000000000e+04
1.611100000000000000e+04 5.361900000000000000e+04
3.569300000000000000e+04 5.259500000000000000e+04
5.284600000000000000e+04 5.005200000000000000e+04
3.720100000000000000e+04 3.714100000000000000e+04
3.855800000000000000e+04 5.667000000000000000e+04
6.103400000000000000e+04 4.851900000000000000e+04
2.973500000000000000e+04 4.805500000000000000e+04
1.068000000000000000e+04 5.116400000000000000e+04
2.576000000000000000e+04 5.577600000000000000e+04
4.432400000000000000e+04 4.764600000000000000e+04
9.817000000000000000e+03 6.072800000000000000e+04
5.602600000000000000e+04 3.527900000000000000e+04
5.520300000000000000e+04 5.701800000000000000e+04
5.434100000000000000e+04 4.549200000000000000e+04
3.698200000000000000e+04 4.230600000000000000e+04
2.031600000000000000e+04 6.180300000000000000e+04
9.657000000000000000e+03 5.055300000000000000e+04
3.463900000000000000e+04 4.616900000000000000e+04
6.208200000000000000e+04 4.602900000000000000e+04
3.655100000000000000e+04 6.038800000000000000e+04
3.535500000000000000e+04 3.839000000000000000e+04
5.216400000000000000e+04 4.719100000000000000e+04
3.609900000000000000e+04 5.110700000000000000e+04
1.673200000000000000e+04 5.242600000000000000e+04
2.648100000000000000e+04 5.665800000000000000e+04
4.501500000000000000e+04 4.611000000000000000e+04
1.093000000000000000e+04 6.032200000000000000e+04
5.667800000000000000e+04 3.562300000000000000e+04
5.265900000000000000e+04 3.477700000000000000e+04
1.021000000000000000e+04 5.872300000000000000e+04
4.230000000000000000e+04 4.644900000000000000e+04
2.838300000000000000e+04 5.836100000000000000e+04
1.714100000000000000e+04 5.420200000000000000e+04
3.640300000000000000e+04 4.890300000000000000e+04
5.291700000000000000e+04 5.105600000000000000e+04
3.748000000000000000e+04 3.567200000000000000e+04
3.197700000000000000e+04 5.948000000000000000e+04
6.036900000000000000e+04 5.256300000000000000e+04
2.216800000000000000e+04 4.614200000000000000e+04
4.759000000000000000e+03 5.774300000000000000e+04
1.834700000000000000e+04 5.954500000000000000e+04
3.520800000000000000e+04 4.779500000000000000e+04
5.522700000000000000e+04 4.420600000000000000e+04
5.902200000000000000e+04 5.875900000000000000e+04
5.868900000000000000e+04 6.164000000000000000e+04
5.444900000000000000e+04 4.287200000000000000e+04
4.107300000000000000e+04 4.367800000000000000e+04
1.976800000000000000e+04 6.062700000000000000e+04
1.398100000000000000e+04 4.962300000000000000e+04
2.991900000000000000e+04 4.585700000000000000e+04
6.081700000000000000e+04 4.635000000000000000e+04
3.748800000000000000e+04 6.193500000000000000e+04
3.809500000000000000e+04 3.919600000000000000e+04
5.336500000000000000e+04 4.785300000000000000e+04
3.515300000000000000e+04 4.982000000000000000e+04
1.639300000000000000e+04 5.506800000000000000e+04
3.198500000000000000e+04 6.253700000000000000e+04
6.059700000000000000e+04 5.101200000000000000e+04
2.596000000000000000e+03 5.638600000000000000e+04
2.374600000000000000e+04 4.513500000000000000e+04
2.293400000000000000e+04 4.517500000000000000e+04
4.749000000000000000e+03 5.559300000000000000e+04
6.109900000000000000e+04 5.019900000000000000e+04
3.114200000000000000e+04 5.960000000000000000e+04
1.848000000000000000e+04 5.413700000000000000e+04
3.528900000000000000e+04 5.041600000000000000e+04
5.069700000000000000e+04 4.755700000000000000e+04
3.610000000000000000e+04 3.745600000000000000e+04
3.348600000000000000e+04 5.684500000000000000e+04
5.957800000000000000e+04 4.861200000000000000e+04
3.192000000000000000e+04 4.638200000000000000e+04
8.705000000000000000e+03 4.936500000000000000e+04
2.346200000000000000e+04 5.764200000000000000e+04
4.327400000000000000e+04 4.737200000000000000e+04
9.287000000000000000e+03 6.295400000000000000e+04
5.485100000000000000e+04 3.517000000000000000e+04
6.000600000000000000e+04 6.052400000000000000e+04
5.432500000000000000e+04 4.572300000000000000e+04
3.761600000000000000e+04 4.707400000000000000e+04
1.915400000000000000e+04 6.209300000000000000e+04
2.968000000000000000e+03 5.421400000000000000e+04
2.516600000000000000e+04 4.505300000000000000e+04
5.962000000000000000e+04 5.360600000000000000e+04
3.233300000000000000e+04 6.193300000000000000e+04
3.726400000000000000e+04 3.688500000000000000e+04
5.045200000000000000e+04 4.894500000000000000e+04
3.750700000000000000e+04 5.035300000000000000e+04
1.742300000000000000e+04 5.545900000000000000e+04
2.549400000000000000e+04 5.596000000000000000e+04
4.362900000000000000e+04 4.625200000000000000e+04
1.019800000000000000e+04 5.848800000000000000e+04
5.759300000000000000e+04 3.729900000000000000e+04
6.023600000000000000e+04 3.508800000000000000e+04
8.676000000000000000e+03 5.771900000000000000e+04
4.600600000000000000e+04 4.652100000000000000e+04
2.544000000000000000e+04 5.786200000000000000e+04
1.710800000000000000e+04 5.451500000000000000e+04
3.541600000000000000e+04 5.043300000000000000e+04
5.204500000000000000e+04 4.878400000000000000e+04
3.640700000000000000e+04 3.615700000000000000e+04
3.696700000000000000e+04 5.813500000000000000e+04
5.856500000000000000e+04 4.633100000000000000e+04
3.080600000000000000e+04 4.523400000000000000e+04
9.895000000000000000e+03 5.051000000000000000e+04
1.910800000000000000e+04 6.178200000000000000e+04
3.670100000000000000e+04 4.320600000000000000e+04
5.426300000000000000e+04 3.935600000000000000e+04
5.776200000000000000e+04 6.030400000000000000e+04
5.474400000000000000e+04 3.728500000000000000e+04
7.821000000000000000e+03 6.171200000000000000e+04
4.580600000000000000e+04 4.678500000000000000e+04
2.730600000000000000e+04 5.736800000000000000e+04
8.654000000000000000e+03 5.004900000000000000e+04
3.103200000000000000e+04 4.515200000000000000e+04
6.201100000000000000e+04 4.887000000000000000e+04
3.685000000000000000e+04 5.675100000000000000e+04
5.792500000000000000e+04 6.158300000000000000e+04
5.506200000000000000e+04 4.302700000000000000e+04
3.853500000000000000e+04 4.378000000000000000e+04
2.091100000000000000e+04 6.378200000000000000e+04
2.872900000000000000e+04 6.313900000000000000e+04
6.078700000000000000e+04 5.155800000000000000e+04
6.570000000000000000e+03 5.530900000000000000e+04
2.301600000000000000e+04 4.526600000000000000e+04
2.358400000000000000e+04 4.479700000000000000e+04
4.081000000000000000e+03 5.622100000000000000e+04
5.909500000000000000e+04 5.082000000000000000e+04
3.242600000000000000e+04 5.991900000000000000e+04
2.178300000000000000e+04 6.197000000000000000e+04
3.710300000000000000e+04 4.650100000000000000e+04
5.719600000000000000e+04 4.328400000000000000e+04
5.938700000000000000e+04 6.001400000000000000e+04
3.747900000000000000e+04 6.029200000000000000e+04
6.107500000000000000e+04 4.638000000000000000e+04
3.037000000000000000e+04 4.357900000000000000e+04
1.063300000000000000e+04 5.051100000000000000e+04
2.487900000000000000e+04 5.638600000000000000e+04
4.410800000000000000e+04 4.683400000000000000e+04
1.217100000000000000e+04 6.112800000000000000e+04
5.767200000000000000e+04 3.490900000000000000e+04
5.785200000000000000e+04 6.017100000000000000e+04
5.501300000000000000e+04 4.458900000000000000e+04
3.863100000000000000e+04 4.354100000000000000e+04
1.887000000000000000e+04 6.032500000000000000e+04
9.481000000000000000e+03 4.954600000000000000e+04
3.115200000000000000e+04 4.651700000000000000e+04
6.190300000000000000e+04 4.645100000000000000e+04
3.664500000000000000e+04 5.843500000000000000e+04
3.605800000000000000e+04 3.559700000000000000e+04
5.208000000000000000e+04 4.673200000000000000e+04
3.680500000000000000e+04 5.183700000000000000e+04
1.636400000000000000e+04 5.538900000000000000e+04
2.625300000000000000e+04 5.889900000000000000e+04
4.432400000000000000e+04 4.487900000000000000e+04
8.627000000000000000e+03 6.376200000000000000e+04
5.593200000000000000e+04 3.516300000000000000e+04
5.551000000000000000e+04 3.543900000000000000e+04
1.069000000000000000e+04 6.186700000000000000e+04
4.487700000000000000e+04 4.805500000000000000e+04
2.746900000000000000e+04 5.520700000000000000e+04
1.775100000000000000e+04 5.385900000000000000e+04
3.600800000000000000e+04 4.893000000000000000e+04
5.290200000000000000e+04 5.010500000000000000e+04
3.392200000000000000e+04 3.700900000000000000e+04
3.089800000000000000e+04 6.061600000000000000e+04
5.581100000000000000e+04 5.276100000000000000e+04
2.431600000000000000e+04 4.545300000000000000e+04
4.207000000000000000e+03 5.337600000000000000e+04
2.049000000000000000e+04 6.245000000000000000e+04
3.912500000000000000e+04 4.262600000000000000e+04
5.439300000000000000e+04 4.241600000000000000e+04
5.947500000000000000e+04 6.028100000000000000e+04
5.713000000000000000e+04 3.362200000000000000e+04
9.647000000000000000e+03 5.988600000000000000e+04
4.436200000000000000e+04 4.565500000000000000e+04
2.534700000000000000e+04 5.710500000000000000e+04
6.798000000000000000e+03 5.127500000000000000e+04
3.047200000000000000e+04 4.465300000000000000e+04
6.194200000000000000e+04 4.652600000000000000e+04
3.321800000000000000e+04 5.827900000000000000e+04
3.564800000000000000e+04 3.912900000000000000e+04
5.016200000000000000e+04 5.011300000000000000e+04
3.665600000000000000e+04 5.056600000000000000e+04
1.627100000000000000e+04 5.550300000000000000e+04
3.123300000000000000e+04 6.128600000000000000e+04
5.962600000000000000e+04 5.242400000000000000e+04
5.764000000000000000e+03 5.389600000000000000e+04
2.373700000000000000e+04 4.477100000000000000e+04
2.486800000000000000e+04 4.654900000000000000e+04
5.536000000000000000e+03 5.442800000000000000e+04
5.956600000000000000e+04 5.345200000000000000e+04
3.048300000000000000e+04 6.044400000000000000e+04
1.631500000000000000e+04 5.445000000000000000e+04
3.655700000000000000e+04 4.852800000000000000e+04
5.349800000000000000e+04 4.814100000000000000e+04
3.462200000000000000e+04 3.760400000000000000e+04
3.517000000000000000e+04 5.981900000000000000e+04
6.376000000000000000e+04 4.465800000000000000e+04
3.206200000000000000e+04 4.599000000000000000e+04
1.259400000000000000e+04 5.213300000000000000e+04
2.078200000000000000e+04 6.163600000000000000e+04
3.902800000000000000e+04 4.681300000000000000e+04
5.600000000000000000e+04 4.171000000000000000e+04
5.839100000000000000e+04 6.151700000000000000e+04
5.821300000000000000e+04 6.112400000000000000e+04
5.591100000000000000e+04 4.466700000000000000e+04
3.598400000000000000e+04 4.295900000000000000e+04
2.051500000000000000e+04 6.141000000000000000e+04
3.849000000000000000e+03 5.434800000000000000e+04
2.310700000000000000e+04 4.635400000000000000e+04
6.177500000000000000e+04 5.335900000000000000e+04
3.053200000000000000e+04 6.195000000000000000e+04
3.603900000000000000e+04 3.709800000000000000e+04
4.968500000000000000e+04 5.070100000000000000e+04
3.851500000000000000e+04 5.007400000000000000e+04
1.473700000000000000e+04 5.507100000000000000e+04
2.528300000000000000e+04 5.866700000000000000e+04
4.544000000000000000e+04 4.598800000000000000e+04
1.082400000000000000e+04 6.136900000000000000e+04
5.772600000000000000e+04 3.599800000000000000e+04
5.668800000000000000e+04 3.658300000000000000e+04
1.066300000000000000e+04 5.912500000000000000e+04
4.371200000000000000e+04 4.622700000000000000e+04
2.771500000000000000e+04 5.538700000000000000e+04
1.693800000000000000e+04 5.551400000000000000e+04
3.361100000000000000e+04 5.066600000000000000e+04
5.261300000000000000e+04 5.044600000000000000e+04
3.788200000000000000e+04 3.674200000000000000e+04
3.870600000000000000e+04 5.703700000000000000e+04
5.991800000000000000e+04 4.836600000000000000e+04
3.191100000000000000e+04 4.552800000000000000e+04
9.816000000000000000e+03 5.527200000000000000e+04
2.045300000000000000e+04 6.158700000000000000e+04
3.732100000000000000e+04 4.545200000000000000e+04
5.347600000000000000e+04 4.135500000000000000e+04
5.578400000000000000e+04 5.916300000000000000e+04
5.931400000000000000e+04 3.505300000000000000e+04
1.043800000000000000e+04 6.324500000000000000e+04
4.410900000000000000e+04 4.729800000000000000e+04
2.644900000000000000e+04 5.594600000000000000e+04
1.269700000000000000e+04 5.221600000000000000e+04
3.192600000000000000e+04 4.542400000000000000e+04
6.150000000000000000e+04 4.402300000000000000e+04
3.534600000000000000e+04 5.898800000000000000e+04
3.608700000000000000e+04 3.591400000000000000e+04
4.976200000000000000e+04 4.721000000000000000e+04
3.770300000000000000e+04 5.224100000000000000e+04
1.965500000000000000e+04 5.478500000000000000e+04
3.074600000000000000e+04 6.110000000000000000e+04
5.962200000000000000e+04 5.184000000000000000e+04
6.236000000000000000e+03 5.426200000000000000e+04
2.165700000000000000e+04 4.577900000000000000e+04
2.225000000000000000e+04 4.565800000000000000e+04
3.746000000000000000e+03 5.392700000000000000e+04
6.002400000000000000e+04 5.038900000000000000e+04
3.092700000000000000e+04 6.125800000000000000e+04
2.035800000000000000e+04 5.354000000000000000e+04
3.642500000000000000e+04 5.208000000000000000e+04
5.207300000000000000e+04 5.058300000000000000e+04
3.465700000000000000e+04 3.780700000000000000e+04
3.726900000000000000e+04 5.792000000000000000e+04
5.794800000000000000e+04 4.799500000000000000e+04
3.075800000000000000e+04 4.184200000000000000e+04
1.090400000000000000e+04 5.134200000000000000e+04
2.777500000000000000e+04 5.491400000000000000e+04
4.651100000000000000e+04 4.737300000000000000e+04
1.359800000000000000e+04 6.318600000000000000e+04
5.800800000000000000e+04 3.451200000000000000e+04
5.888900000000000000e+04 6.033400000000000000e+04
5.619100000000000000e+04 4.292800000000000000e+04
4.170400000000000000e+04 4.588300000000000000e+04
2.139300000000000000e+04 6.263000000000000000e+04
5.522000000000000000e+03 5.414300000000000000e+04
2.589600000000000000e+04 4.535900000000000000e+04
6.052600000000000000e+04 5.318000000000000000e+04
2.980200000000000000e+04 5.811400000000000000e+04
3.560900000000000000e+04 3.719400000000000000e+04
5.326400000000000000e+04 4.883100000000000000e+04
3.815700000000000000e+04 4.984800000000000000e+04
1.678000000000000000e+04 5.384700000000000000e+04
2.751700000000000000e+04 5.515600000000000000e+04
4.447800000000000000e+04 4.631500000000000000e+04
8.521000000000000000e+03 5.954500000000000000e+04
5.702200000000000000e+04 3.683800000000000000e+04
5.882400000000000000e+04 3.545100000000000000e+04
9.972000000000000000e+03 6.004400000000000000e+04
4.590900000000000000e+04 4.596100000000000000e+04
2.922700000000000000e+04 5.792800000000000000e+04
1.106000000000000000e+04 5.023400000000000000e+04
2.993400000000000000e+04 4.720000000000000000e+04
6.266100000000000000e+04 4.673400000000000000e+04
3.622900000000000000e+04 5.855900000000000000e+04
2.769600000000000000e+04 5.983800000000000000e+04
5.914600000000000000e+04 5.482900000000000000e+04
2.369200000000000000e+04 4.432500000000000000e+04
2.796000000000000000e+03 5.705200000000000000e+04
2.043800000000000000e+04 5.985100000000000000e+04
3.842100000000000000e+04 4.484700000000000000e+04
5.441700000000000000e+04 4.239100000000000000e+04
5.992100000000000000e+04 5.829700000000000000e+04
6.075800000000000000e+04 6.088100000000000000e+04
5.590900000000000000e+04 4.149700000000000000e+04
3.914900000000000000e+04 4.415100000000000000e+04
1.904800000000000000e+04 6.292400000000000000e+04
1.237600000000000000e+04 4.866600000000000000e+04
3.001600000000000000e+04 4.448700000000000000e+04
5.936400000000000000e+04 4.827300000000000000e+04
3.687800000000000000e+04 6.100600000000000000e+04
3.507600000000000000e+04 3.533100000000000000e+04
5.232300000000000000e+04 4.931600000000000000e+04
3.528800000000000000e+04 5.249800000000000000e+04
1.721100000000000000e+04 5.261900000000000000e+04
3.206100000000000000e+04 5.977800000000000000e+04
6.023100000000000000e+04 5.326500000000000000e+04
4.260000000000000000e+03 5.457900000000000000e+04
2.048500000000000000e+04 4.639400000000000000e+04
2.498700000000000000e+04 4.407700000000000000e+04
6.228000000000000000e+03 5.520600000000000000e+04
5.981600000000000000e+04 5.391600000000000000e+04
3.027600000000000000e+04 5.959900000000000000e+04
1.760400000000000000e+04 5.741500000000000000e+04
3.382500000000000000e+04 5.180000000000000000e+04
5.276800000000000000e+04 5.043000000000000000e+04
3.663800000000000000e+04 3.581900000000000000e+04
3.709000000000000000e+04 5.914900000000000000e+04
6.213000000000000000e+04 4.363800000000000000e+04
3.129100000000000000e+04 4.410700000000000000e+04
1.106200000000000000e+04 5.006800000000000000e+04
2.260600000000000000e+04 6.144800000000000000e+04
3.891500000000000000e+04 4.563200000000000000e+04
5.514300000000000000e+04 4.023800000000000000e+04
5.723800000000000000e+04 6.196200000000000000e+04
5.892800000000000000e+04 6.059500000000000000e+04
5.530300000000000000e+04 4.441600000000000000e+04
3.834800000000000000e+04 4.543600000000000000e+04
2.015100000000000000e+04 6.225200000000000000e+04
3.465000000000000000e+03 5.403700000000000000e+04
2.205000000000000000e+04 4.595400000000000000e+04
6.216900000000000000e+04 5.191600000000000000e+04
2.899500000000000000e+04 5.889000000000000000e+04
3.487000000000000000e+04 3.905800000000000000e+04
5.377100000000000000e+04 4.986800000000000000e+04
3.807000000000000000e+04 5.303700000000000000e+04
1.871700000000000000e+04 5.259800000000000000e+04
2.473100000000000000e+04 5.683200000000000000e+04
4.605000000000000000e+04 4.661000000000000000e+04
1.121000000000000000e+04 5.834300000000000000e+04
5.715400000000000000e+04 3.371200000000000000e+04
5.547000000000000000e+04 3.511600000000000000e+04
1.254600000000000000e+04 6.049900000000000000e+04
4.584000000000000000e+04 4.975300000000000000e+04
2.505200000000000000e+04 5.782900000000000000e+04
1.492700000000000000e+04 5.459900000000000000e+04
3.746200000000000000e+04 5.204300000000000000e+04
5.130800000000000000e+04 4.963000000000000000e+04
3.543600000000000000e+04 3.736600000000000000e+04
3.678300000000000000e+04 5.957700000000000000e+04
6.176800000000000000e+04 4.439100000000000000e+04
2.991200000000000000e+04 4.643000000000000000e+04
1.107600000000000000e+04 5.371700000000000000e+04
1.907000000000000000e+04 6.142200000000000000e+04
3.743900000000000000e+04 4.482000000000000000e+04
5.630200000000000000e+04 4.228800000000000000e+04
5.757600000000000000e+04 5.954200000000000000e+04
5.533300000000000000e+04 3.432900000000000000e+04
1.282200000000000000e+04 6.213800000000000000e+04
4.386900000000000000e+04 4.857100000000000000e+04
2.725600000000000000e+04 5.940300000000000000e+04
1.211400000000000000e+04 4.999300000000000000e+04
3.106700000000000000e+04 4.507900000000000000e+04
6.326100000000000000e+04 4.581900000000000000e+04
4.013400000000000000e+04 5.987200000000000000e+04
5.689800000000000000e+04 5.937700000000000000e+04
5.505300000000000000e+04 4.334700000000000000e+04
3.866100000000000000e+04 4.404500000000000000e+04
1.960600000000000000e+04 6.289400000000000000e+04
2.980100000000000000e+04 6.118200000000000000e+04
5.930900000000000000e+04 5.368900000000000000e+04
4.567000000000000000e+03 5.503300000000000000e+04
2.582200000000000000e+04 4.822000000000000000e+04
2.385500000000000000e+04 4.593100000000000000e+04
5.509000000000000000e+03 5.447900000000000000e+04
5.794000000000000000e+04 5.348300000000000000e+04
2.855500000000000000e+04 6.139400000000000000e+04
2.056100000000000000e+04 6.116400000000000000e+04
3.865700000000000000e+04 4.553600000000000000e+04
5.741600000000000000e+04 4.322600000000000000e+04
5.697400000000000000e+04 6.027800000000000000e+04
3.463700000000000000e+04 5.766500000000000000e+04
5.865600000000000000e+04 4.784100000000000000e+04
3.190500000000000000e+04 4.682000000000000000e+04
9.454000000000000000e+03 5.116500000000000000e+04
2.752500000000000000e+04 5.763400000000000000e+04
4.692400000000000000e+04 4.706600000000000000e+04
1.033600000000000000e+04 6.091600000000000000e+04
5.610700000000000000e+04 3.472100000000000000e+04
5.669300000000000000e+04 5.877400000000000000e+04
5.484900000000000000e+04 4.173300000000000000e+04
4.002800000000000000e+04 4.493000000000000000e+04
2.136800000000000000e+04 5.994200000000000000e+04
7.445000000000000000e+03 5.076900000000000000e+04
2.861500000000000000e+04 4.715800000000000000e+04
5.877300000000000000e+04 4.349900000000000000e+04
3.604500000000000000e+04 5.744800000000000000e+04
3.650900000000000000e+04 3.708700000000000000e+04
5.289900000000000000e+04 4.863300000000000000e+04
3.599400000000000000e+04 5.081700000000000000e+04
1.774100000000000000e+04 5.543900000000000000e+04
2.683400000000000000e+04 5.509700000000000000e+04
4.440100000000000000e+04 4.591800000000000000e+04
9.589000000000000000e+03 6.075400000000000000e+04
5.479400000000000000e+04 3.457800000000000000e+04
5.589200000000000000e+04 3.685200000000000000e+04
1.072600000000000000e+04 6.073700000000000000e+04
4.261600000000000000e+04 4.842300000000000000e+04
2.620500000000000000e+04 5.332500000000000000e+04
1.780000000000000000e+04 5.391800000000000000e+04
3.527500000000000000e+04 5.084800000000000000e+04
5.001500000000000000e+04 4.938500000000000000e+04
3.617300000000000000e+04 3.549800000000000000e+04
3.213400000000000000e+04 6.103700000000000000e+04
6.067900000000000000e+04 5.089400000000000000e+04
2.291200000000000000e+04 4.667100000000000000e+04
6.675000000000000000e+03 5.472800000000000000e+04
1.930900000000000000e+04 6.179300000000000000e+04
3.793800000000000000e+04 4.594500000000000000e+04
5.539500000000000000e+04 4.201400000000000000e+04
5.719200000000000000e+04 6.309100000000000000e+04
5.735300000000000000e+04 6.000000000000000000e+04
5.462000000000000000e+04 4.352300000000000000e+04
3.790000000000000000e+04 4.370000000000000000e+04
1.926100000000000000e+04 6.345300000000000000e+04
1.177300000000000000e+04 5.016100000000000000e+04
3.233500000000000000e+04 4.599700000000000000e+04
6.221700000000000000e+04 4.373400000000000000e+04
3.823200000000000000e+04 5.946400000000000000e+04
3.600800000000000000e+04 3.581800000000000000e+04
5.074500000000000000e+04 5.122100000000000000e+04
3.850600000000000000e+04 4.991800000000000000e+04
1.772500000000000000e+04 5.354900000000000000e+04
3.033000000000000000e+04 6.118700000000000000e+04
6.123200000000000000e+04 5.322400000000000000e+04
4.731000000000000000e+03 5.423800000000000000e+04
2.580700000000000000e+04 4.771400000000000000e+04
2.105500000000000000e+04 4.583700000000000000e+04
6.635000000000000000e+03 5.798500000000000000e+04
6.030800000000000000e+04 5.168500000000000000e+04
3.177900000000000000e+04 5.932800000000000000e+04
1.761000000000000000e+04 5.818000000000000000e+04
3.624000000000000000e+04 5.020300000000000000e+04
5.330000000000000000e+04 4.998100000000000000e+04
3.216700000000000000e+04 3.998700000000000000e+04
3.987200000000000000e+04 5.848100000000000000e+04
5.873000000000000000e+04 4.616700000000000000e+04
3.187100000000000000e+04 4.497300000000000000e+04
8.869000000000000000e+03 5.188600000000000000e+04
2.109600000000000000e+04 5.981500000000000000e+04
3.720200000000000000e+04 4.259400000000000000e+04
5.310600000000000000e+04 4.277100000000000000e+04
6.096900000000000000e+04 5.982200000000000000e+04
6.029500000000000000e+04 5.822600000000000000e+04
5.469100000000000000e+04 4.291800000000000000e+04
3.912800000000000000e+04 4.292800000000000000e+04
1.810100000000000000e+04 5.987900000000000000e+04
2.707000000000000000e+03 5.515500000000000000e+04
2.122100000000000000e+04 4.447400000000000000e+04
6.236400000000000000e+04 5.064800000000000000e+04
2.855300000000000000e+04 6.200200000000000000e+04
3.783500000000000000e+04 5.685600000000000000e+04
6.073400000000000000e+04 4.597600000000000000e+04
3.211800000000000000e+04 4.301100000000000000e+04
1.179800000000000000e+04 5.305200000000000000e+04
2.718800000000000000e+04 5.651000000000000000e+04
4.343900000000000000e+04 4.398500000000000000e+04
1.242400000000000000e+04 5.865500000000000000e+04
5.589300000000000000e+04 3.479500000000000000e+04
5.668000000000000000e+04 3.467400000000000000e+04
1.212400000000000000e+04 6.027900000000000000e+04
4.390500000000000000e+04 4.530000000000000000e+04
2.591900000000000000e+04 5.932900000000000000e+04
1.806800000000000000e+04 5.438600000000000000e+04
3.414300000000000000e+04 4.993400000000000000e+04
5.255800000000000000e+04 5.020700000000000000e+04
3.416700000000000000e+04 3.696500000000000000e+04
3.709400000000000000e+04 5.967600000000000000e+04
6.245100000000000000e+04 4.826100000000000000e+04
2.896100000000000000e+04 4.312700000000000000e+04
1.057700000000000000e+04 5.158300000000000000e+04
1.964100000000000000e+04 5.992600000000000000e+04
3.933900000000000000e+04 4.763500000000000000e+04
5.492400000000000000e+04 4.207900000000000000e+04
5.911000000000000000e+04 6.064800000000000000e+04
5.617200000000000000e+04 3.462300000000000000e+04
9.829000000000000000e+03 6.169600000000000000e+04
4.565200000000000000e+04 4.674600000000000000e+04
2.566300000000000000e+04 5.538400000000000000e+04
1.058000000000000000e+04 5.155300000000000000e+04
3.165700000000000000e+04 4.611700000000000000e+04
6.077900000000000000e+04 4.751900000000000000e+04
3.831800000000000000e+04 6.091900000000000000e+04
3.902500000000000000e+04 3.831700000000000000e+04
5.168300000000000000e+04 4.928300000000000000e+04
3.650100000000000000e+04 4.896700000000000000e+04
1.884600000000000000e+04 5.389200000000000000e+04
3.039500000000000000e+04 6.051400000000000000e+04
5.962600000000000000e+04 5.249800000000000000e+04
5.516000000000000000e+03 5.604300000000000000e+04
2.297600000000000000e+04 4.724800000000000000e+04
2.549500000000000000e+04 4.279200000000000000e+04
5.759000000000000000e+03 5.502800000000000000e+04
5.876900000000000000e+04 5.450800000000000000e+04
3.061900000000000000e+04 6.051400000000000000e+04
