900 2
3.784420000000000000e+05 3.775420000000000000e+05
2.106380000000000000e+05 4.432780000000000000e+05
8.995520000000000000e+05 3.745900000000000000e+05
4.315860000000000000e+05 6.377940000000000000e+05
5.608520000000000000e+05 3.280310000000000000e+05
5.926440000000000000e+05 4.477700000000000000e+05
6.726690000000000000e+05 7.120770000000000000e+05
4.141130000000000000e+05 5.082370000000000000e+05
2.898240000000000000e+05 2.766120000000000000e+05
2.996570000000000000e+05 6.931010000000000000e+05
6.880040000000000000e+05 2.459470000000000000e+05
5.542250000000000000e+05 4.014530000000000000e+05
6.162080000000000000e+05 6.876450000000000000e+05
7.678170000000000000e+05 6.610040000000000000e+05
4.916910000000000000e+05 7.927110000000000000e+05
5.667290000000000000e+05 2.388730000000000000e+05
5.120720000000000000e+05 2.965240000000000000e+05
6.060200000000000000e+05 7.131860000000000000e+05
5.828120000000000000e+05 4.443440000000000000e+05
6.387890000000000000e+05 6.060630000000000000e+05
2.302940000000000000e+05 4.938190000000000000e+05
2.578290000000000000e+05 2.181940000000000000e+05
7.106310000000000000e+05 4.548830000000000000e+05
2.191820000000000000e+05 2.705560000000000000e+05
3.904440000000000000e+05 5.389960000000000000e+05
2.625370000000000000e+05 5.132430000000000000e+05
6.151420000000000000e+05 1.907320000000000000e+05
4.845380000000000000e+05 4.568280000000000000e+05
4.693500000000000000e+05 6.804700000000000000e+05
7.661350000000000000e+05 5.992000000000000000e+05
4.868200000000000000e+05 7.630770000000000000e+05
4.947740000000000000e+05 2.583430000000000000e+05
5.563430000000000000e+05 1.944570000000000000e+05
3.924550000000000000e+05 7.146740000000000000e+05
7.631180000000000000e+05 5.190150000000000000e+05
4.412350000000000000e+05 6.775300000000000000e+05
5.790390000000000000e+05 4.100170000000000000e+05
6.815440000000000000e+05 2.703550000000000000e+05
3.068130000000000000e+05 5.088480000000000000e+05
2.942110000000000000e+05 2.733110000000000000e+05
5.778440000000000000e+05 6.342440000000000000e+05
6.793100000000000000e+05 4.652970000000000000e+05
4.201730000000000000e+05 3.299860000000000000e+05
2.506140000000000000e+05 5.141060000000000000e+05
6.611780000000000000e+05 5.985300000000000000e+05
6.314280000000000000e+05 4.535150000000000000e+05
6.838170000000000000e+05 8.481280000000000000e+05
2.770290000000000000e+05 4.370990000000000000e+05
5.507010000000000000e+05 2.543080000000000000e+05
5.898610000000000000e+05 8.901190000000000000e+05
7.633620000000000000e+05 5.452640000000000000e+05
6.356880000000000000e+05 5.868250000000000000e+05
2.974500000000000000e+05 6.212870000000000000e+05
6.809960000000000000e+05 3.228870000000000000e+05
2.702360000000000000e+05 6.210510000000000000e+05
3.037200000000000000e+05 2.727170000000000000e+05
3.959790000000000000e+05 3.644340000000000000e+05
6.446850000000000000e+05 7.665790000000000000e+05
4.779080000000000000e+05 4.392190000000000000e+05
5.200500000000000000e+05 3.793820000000000000e+05
4.521130000000000000e+05 5.839040000000000000e+05
7.283830000000000000e+05 4.309780000000000000e+05
4.172030000000000000e+05 8.701750000000000000e+05
4.400510000000000000e+05 4.490160000000000000e+05
3.586460000000000000e+05 3.561800000000000000e+05
5.436100000000000000e+05 7.778660000000000000e+05
7.638650000000000000e+05 4.668630000000000000e+05
5.422000000000000000e+05 6.631050000000000000e+05
5.376210000000000000e+05 4.046110000000000000e+05
5.352980000000000000e+05 5.571400000000000000e+05
3.181370000000000000e+05 6.499940000000000000e+05
2.535310000000000000e+05 5.211380000000000000e+05
3.043140000000000000e+05 2.681560000000000000e+05
6.018010000000000000e+05 4.944360000000000000e+05
6.633650000000000000e+05 2.664340000000000000e+05
2.433000000000000000e+05 4.798590000000000000e+05
6.284690000000000000e+05 5.660890000000000000e+05
5.053150000000000000e+05 4.593610000000000000e+05
6.178960000000000000e+05 7.665600000000000000e+05
6.610040000000000000e+05 2.308240000000000000e+05
3.847360000000000000e+05 5.416130000000000000e+05
6.223940000000000000e+05 7.546620000000000000e+05
5.531210000000000000e+05 4.638890000000000000e+05
7.272220000000000000e+05 7.058460000000000000e+05
2.457150000000000000e+05 4.727890000000000000e+05
2.776690000000000000e+05 4.462880000000000000e+05
8.023810000000000000e+05 3.814420000000000000e+05
4.962870000000000000e+05 7.199340000000000000e+05
3.068830000000000000e+05 2.756270000000000000e+05
3.404440000000000000e+05 7.247910000000000000e+05
6.765200000000000000e+05 2.963580000000000000e+05
4.903980000000000000e+05 3.988370000000000000e+05
6.941700000000000000e+05 6.125900000000000000e+05
7.458660000000000000e+05 5.580510000000000000e+05
4.972410000000000000e+05 7.485030000000000000e+05
5.121620000000000000e+05 1.957630000000000000e+05
5.093950000000000000e+05 2.282900000000000000e+05
5.418010000000000000e+05 7.767020000000000000e+05
7.641880000000000000e+05 5.901400000000000000e+05
5.010360000000000000e+05 7.149710000000000000e+05
4.903910000000000000e+05 4.509330000000000000e+05
6.094900000000000000e+05 2.422700000000000000e+05
2.580070000000000000e+05 8.458790000000000000e+05
3.692750000000000000e+05 5.261260000000000000e+05
3.094930000000000000e+05 2.699520000000000000e+05
7.379410000000000000e+05 4.300160000000000000e+05
3.774630000000000000e+05 3.629680000000000000e+05
2.372670000000000000e+05 4.926880000000000000e+05
6.048410000000000000e+05 6.135810000000000000e+05
4.858440000000000000e+05 4.916210000000000000e+05
6.315970000000000000e+05 8.936080000000000000e+05
4.835450000000000000e+05 6.037770000000000000e+05
4.876380000000000000e+05 1.989050000000000000e+05
5.690800000000000000e+05 8.551490000000000000e+05
7.791530000000000000e+05 4.820760000000000000e+05
6.304160000000000000e+05 6.098580000000000000e+05
2.464080000000000000e+05 4.996480000000000000e+05
6.633950000000000000e+05 2.973730000000000000e+05
3.181300000000000000e+05 6.626770000000000000e+05
2.892490000000000000e+05 2.779970000000000000e+05
3.938820000000000000e+05 5.061970000000000000e+05
6.866710000000000000e+05 8.385500000000000000e+05
4.421570000000000000e+05 5.143270000000000000e+05
5.983610000000000000e+05 3.027740000000000000e+05
3.804290000000000000e+05 6.640950000000000000e+05
7.177240000000000000e+05 4.506100000000000000e+05
2.425600000000000000e+05 4.811720000000000000e+05
3.735230000000000000e+05 3.696710000000000000e+05
3.936360000000000000e+05 3.679950000000000000e+05
2.421740000000000000e+05 5.135940000000000000e+05
7.751300000000000000e+05 4.155290000000000000e+05
4.782050000000000000e+05 6.354550000000000000e+05
5.307860000000000000e+05 2.053090000000000000e+05
5.133660000000000000e+05 5.069080000000000000e+05
6.335300000000000000e+05 7.245560000000000000e+05
4.583470000000000000e+05 4.862810000000000000e+05
2.992850000000000000e+05 2.767340000000000000e+05
3.570750000000000000e+05 7.309800000000000000e+05
6.005870000000000000e+05 2.289750000000000000e+05
2.354490000000000000e+05 4.878200000000000000e+05
5.854390000000000000e+05 6.045730000000000000e+05
7.512440000000000000e+05 5.249220000000000000e+05
5.456740000000000000e+05 7.621170000000000000e+05
4.167210000000000000e+05 2.510060000000000000e+05
3.832470000000000000e+05 5.105140000000000000e+05
7.194450000000000000e+05 6.604850000000000000e+05
5.443220000000000000e+05 5.392750000000000000e+05
6.205690000000000000e+05 5.961930000000000000e+05
2.404960000000000000e+05 4.858640000000000000e+05
2.996170000000000000e+05 4.134100000000000000e+05
8.558000000000000000e+05 3.862480000000000000e+05
1.353830000000000000e+05 2.776570000000000000e+05
2.767110000000000000e+05 2.818560000000000000e+05
3.025930000000000000e+05 6.961640000000000000e+05
6.746320000000000000e+05 2.685540000000000000e+05
6.380850000000000000e+05 4.210950000000000000e+05
4.264180000000000000e+05 5.981280000000000000e+05
7.738800000000000000e+05 6.138120000000000000e+05
4.922330000000000000e+05 8.476780000000000000e+05
4.997070000000000000e+05 2.070860000000000000e+05
4.375200000000000000e+05 3.617080000000000000e+05
5.934670000000000000e+05 8.029260000000000000e+05
8.081630000000000000e+05 6.242690000000000000e+05
5.418170000000000000e+05 6.928870000000000000e+05
5.994610000000000000e+05 3.720580000000000000e+05
6.797200000000000000e+05 2.322880000000000000e+05
4.034320000000000000e+05 7.954710000000000000e+05
2.653780000000000000e+05 2.828190000000000000e+05
4.760580000000000000e+05 6.404410000000000000e+05
7.244830000000000000e+05 4.394970000000000000e+05
4.381560000000000000e+05 3.610370000000000000e+05
1.933670000000000000e+05 3.964770000000000000e+05
6.280060000000000000e+05 6.226310000000000000e+05
5.570620000000000000e+05 5.510990000000000000e+05
5.517010000000000000e+05 7.626390000000000000e+05
4.601970000000000000e+05 5.151620000000000000e+05
5.338400000000000000e+05 2.757110000000000000e+05
6.653750000000000000e+05 7.843770000000000000e+05
6.204950000000000000e+05 4.286560000000000000e+05
6.733220000000000000e+05 5.783810000000000000e+05
2.320780000000000000e+05 4.876830000000000000e+05
6.546670000000000000e+05 2.625850000000000000e+05
7.716090000000000000e+05 4.171880000000000000e+05
2.660700000000000000e+05 2.713030000000000000e+05
3.658440000000000000e+05 6.373640000000000000e+05
4.484020000000000000e+05 7.464140000000000000e+05
6.626500000000000000e+05 2.925920000000000000e+05
5.419970000000000000e+05 4.497360000000000000e+05
4.342600000000000000e+05 6.054000000000000000e+05
7.027140000000000000e+05 7.426700000000000000e+05
4.932700000000000000e+05 9.519240000000000000e+05
3.724010000000000000e+05 3.491190000000000000e+05
3.797370000000000000e+05 3.702370000000000000e+05
4.655700000000000000e+05 7.407680000000000000e+05
8.065880000000000000e+05 4.101620000000000000e+05
5.533250000000000000e+05 7.024490000000000000e+05
5.738580000000000000e+05 3.912980000000000000e+05
5.605090000000000000e+05 5.134250000000000000e+05
4.681490000000000000e+05 5.051990000000000000e+05
3.342540000000000000e+05 5.173960000000000000e+05
2.884650000000000000e+05 2.757500000000000000e+05
7.461570000000000000e+05 4.394920000000000000e+05
6.568450000000000000e+05 3.008840000000000000e+05
2.411360000000000000e+05 4.831950000000000000e+05
6.400900000000000000e+05 7.370310000000000000e+05
6.911780000000000000e+05 6.375300000000000000e+05
5.401180000000000000e+05 6.710720000000000000e+05
5.416840000000000000e+05 1.994970000000000000e+05
3.699090000000000000e+05 5.248100000000000000e+05
7.210220000000000000e+05 6.798830000000000000e+05
6.416570000000000000e+05 5.342630000000000000e+05
6.535760000000000000e+05 6.207580000000000000e+05
2.502730000000000000e+05 4.887360000000000000e+05
3.706680000000000000e+05 2.586310000000000000e+05
7.086310000000000000e+05 4.536340000000000000e+05
4.969380000000000000e+05 5.464980000000000000e+05
2.912870000000000000e+05 2.765840000000000000e+05
3.362080000000000000e+05 7.472570000000000000e+05
5.949860000000000000e+05 2.449950000000000000e+05
5.527110000000000000e+05 3.861540000000000000e+05
4.730980000000000000e+05 6.132520000000000000e+05
7.037730000000000000e+05 5.654460000000000000e+05
4.898820000000000000e+05 8.308770000000000000e+05
4.798400000000000000e+05 2.327320000000000000e+05
6.226820000000000000e+05 2.126810000000000000e+05
4.973600000000000000e+05 8.235120000000000000e+05
8.490930000000000000e+05 5.687780000000000000e+05
5.821390000000000000e+05 5.543590000000000000e+05
5.447160000000000000e+05 3.921970000000000000e+05
6.697390000000000000e+05 2.614580000000000000e+05
4.060460000000000000e+05 5.767070000000000000e+05
3.412000000000000000e+05 6.107390000000000000e+05
2.890700000000000000e+05 2.781050000000000000e+05
6.998750000000000000e+05 4.354340000000000000e+05
4.497920000000000000e+05 4.872420000000000000e+05
2.316000000000000000e+05 4.788120000000000000e+05
6.972770000000000000e+05 6.599940000000000000e+05
5.372780000000000000e+05 5.254790000000000000e+05
6.619160000000000000e+05 7.442960000000000000e+05
3.392640000000000000e+05 5.801460000000000000e+05
4.854170000000000000e+05 1.826040000000000000e+05
5.241820000000000000e+05 7.140360000000000000e+05
7.465190000000000000e+05 4.973550000000000000e+05
6.171320000000000000e+05 6.014640000000000000e+05
5.758270000000000000e+05 3.693840000000000000e+05
6.734400000000000000e+05 2.413750000000000000e+05
3.175280000000000000e+05 5.695450000000000000e+05
2.909620000000000000e+05 2.734900000000000000e+05
4.053210000000000000e+05 5.602380000000000000e+05
6.436960000000000000e+05 7.982570000000000000e+05
6.626630000000000000e+05 5.795780000000000000e+05
5.105700000000000000e+05 4.329730000000000000e+05
3.539550000000000000e+05 6.283150000000000000e+05
7.344290000000000000e+05 4.479990000000000000e+05
2.373980000000000000e+05 5.011730000000000000e+05
4.548650000000000000e+05 4.043990000000000000e+05
4.678240000000000000e+05 3.039160000000000000e+05
2.430460000000000000e+05 5.016890000000000000e+05
7.097120000000000000e+05 4.414550000000000000e+05
4.661780000000000000e+05 5.627510000000000000e+05
5.462690000000000000e+05 3.915050000000000000e+05
5.188710000000000000e+05 5.303720000000000000e+05
6.046200000000000000e+05 7.814010000000000000e+05
3.567890000000000000e+05 4.501380000000000000e+05
2.865710000000000000e+05 2.685160000000000000e+05
3.076710000000000000e+05 6.667440000000000000e+05
6.322750000000000000e+05 2.717680000000000000e+05
2.394660000000000000e+05 4.874580000000000000e+05
7.235060000000000000e+05 6.248680000000000000e+05
8.538960000000000000e+05 4.201050000000000000e+05
6.202360000000000000e+05 7.215800000000000000e+05
5.874530000000000000e+05 1.952050000000000000e+05
3.772850000000000000e+05 5.114660000000000000e+05
6.074860000000000000e+05 7.068290000000000000e+05
5.225050000000000000e+05 5.597130000000000000e+05
5.721900000000000000e+05 5.204480000000000000e+05
3.069900000000000000e+05 6.316140000000000000e+05
3.831340000000000000e+05 5.300230000000000000e+05
7.300940000000000000e+05 4.299520000000000000e+05
3.409280000000000000e+05 2.800880000000000000e+05
5.060740000000000000e+05 6.480060000000000000e+05
2.696930000000000000e+05 8.622810000000000000e+05
6.770940000000000000e+05 2.274900000000000000e+05
5.325990000000000000e+05 3.914680000000000000e+05
4.870810000000000000e+05 5.893260000000000000e+05
8.041560000000000000e+05 5.645210000000000000e+05
5.030540000000000000e+05 7.677570000000000000e+05
5.521510000000000000e+05 3.388310000000000000e+05
4.907570000000000000e+05 1.724030000000000000e+05
4.035830000000000000e+05 8.080570000000000000e+05
7.857790000000000000e+05 6.372790000000000000e+05
4.724830000000000000e+05 6.119730000000000000e+05
5.080200000000000000e+05 4.745800000000000000e+05
6.770950000000000000e+05 2.289670000000000000e+05
2.899050000000000000e+05 8.209480000000000000e+05
2.788050000000000000e+05 2.686200000000000000e+05
4.059750000000000000e+05 6.715150000000000000e+05
7.336910000000000000e+05 4.053300000000000000e+05
5.177180000000000000e+05 4.020410000000000000e+05
1.782770000000000000e+05 3.659930000000000000e+05
5.612140000000000000e+05 6.157400000000000000e+05
4.592320000000000000e+05 5.097730000000000000e+05
6.506630000000000000e+05 7.505430000000000000e+05
3.589690000000000000e+05 4.619380000000000000e+05
4.992270000000000000e+05 2.224500000000000000e+05
6.475350000000000000e+05 7.551010000000000000e+05
7.942210000000000000e+05 5.531510000000000000e+05
6.331090000000000000e+05 5.547890000000000000e+05
2.459760000000000000e+05 4.892960000000000000e+05
6.707420000000000000e+05 2.247880000000000000e+05
7.915140000000000000e+05 4.035350000000000000e+05
3.160500000000000000e+05 2.744510000000000000e+05
2.274100000000000000e+05 4.781320000000000000e+05
2.511500000000000000e+05 6.663300000000000000e+05
6.202360000000000000e+05 4.154240000000000000e+05
6.482600000000000000e+05 3.863770000000000000e+05
6.021390000000000000e+05 5.972810000000000000e+05
7.543870000000000000e+05 6.419790000000000000e+05
5.182280000000000000e+05 7.395900000000000000e+05
3.068640000000000000e+05 3.616440000000000000e+05
3.672060000000000000e+05 3.693220000000000000e+05
6.141090000000000000e+05 8.707820000000000000e+05
7.596840000000000000e+05 5.465560000000000000e+05
4.552750000000000000e+05 6.752330000000000000e+05
5.426700000000000000e+05 3.945910000000000000e+05
6.626120000000000000e+05 3.653010000000000000e+05
3.070970000000000000e+05 6.712370000000000000e+05
4.928670000000000000e+05 5.235990000000000000e+05
2.528960000000000000e+05 2.819400000000000000e+05
7.039070000000000000e+05 4.192580000000000000e+05
4.907470000000000000e+05 4.902560000000000000e+05
2.169270000000000000e+05 4.656630000000000000e+05
5.574660000000000000e+05 6.164430000000000000e+05
5.361930000000000000e+05 5.142780000000000000e+05
6.386870000000000000e+05 6.583190000000000000e+05
4.755250000000000000e+05 3.308320000000000000e+05
3.781900000000000000e+05 5.109810000000000000e+05
6.439290000000000000e+05 7.408910000000000000e+05
6.282210000000000000e+05 4.928860000000000000e+05
5.463890000000000000e+05 4.850840000000000000e+05
2.404130000000000000e+05 4.728400000000000000e+05
3.780150000000000000e+05 4.316830000000000000e+05
7.237970000000000000e+05 4.287470000000000000e+05
4.353930000000000000e+05 6.524030000000000000e+05
2.855210000000000000e+05 2.750700000000000000e+05
4.386160000000000000e+05 6.011020000000000000e+05
7.358130000000000000e+05 3.184860000000000000e+05
5.641760000000000000e+05 4.012520000000000000e+05
5.881950000000000000e+05 6.177420000000000000e+05
6.355480000000000000e+05 6.991760000000000000e+05
5.453420000000000000e+05 6.443860000000000000e+05
5.124150000000000000e+05 2.306900000000000000e+05
5.116530000000000000e+05 2.722360000000000000e+05
4.672160000000000000e+05 7.977350000000000000e+05
7.696430000000000000e+05 5.718530000000000000e+05
4.683760000000000000e+05 6.667880000000000000e+05
5.595360000000000000e+05 2.444880000000000000e+05
7.056170000000000000e+05 2.411730000000000000e+05
3.165830000000000000e+05 6.917340000000000000e+05
2.873730000000000000e+05 2.760280000000000000e+05
2.928920000000000000e+05 2.750290000000000000e+05
7.438470000000000000e+05 4.389350000000000000e+05
3.958600000000000000e+05 3.650070000000000000e+05
2.247410000000000000e+05 4.794460000000000000e+05
5.857930000000000000e+05 5.282440000000000000e+05
5.089080000000000000e+05 5.421130000000000000e+05
6.343890000000000000e+05 7.860360000000000000e+05
3.891100000000000000e+05 4.741040000000000000e+05
5.095790000000000000e+05 2.255570000000000000e+05
5.577280000000000000e+05 8.702530000000000000e+05
7.244050000000000000e+05 5.969970000000000000e+05
6.274410000000000000e+05 5.702300000000000000e+05
2.404170000000000000e+05 4.878950000000000000e+05
6.616800000000000000e+05 2.778560000000000000e+05
3.103190000000000000e+05 6.854360000000000000e+05
2.246850000000000000e+05 2.792540000000000000e+05
4.896580000000000000e+05 4.616740000000000000e+05
6.427350000000000000e+05 7.397520000000000000e+05
5.388740000000000000e+05 5.857410000000000000e+05
4.979780000000000000e+05 2.714100000000000000e+05
4.725100000000000000e+05 6.783470000000000000e+05
8.103220000000000000e+05 4.110010000000000000e+05
4.750190000000000000e+05 7.852270000000000000e+05
3.669440000000000000e+05 3.519000000000000000e+05
3.763200000000000000e+05 4.061910000000000000e+05
2.466790000000000000e+05 5.053200000000000000e+05
7.337880000000000000e+05 4.483210000000000000e+05
4.240680000000000000e+05 6.082470000000000000e+05
4.996690000000000000e+05 4.824080000000000000e+05
5.526460000000000000e+05 6.532940000000000000e+05
7.305170000000000000e+05 6.368640000000000000e+05
3.825040000000000000e+05 5.048190000000000000e+05
3.013920000000000000e+05 2.748190000000000000e+05
3.172660000000000000e+05 6.897390000000000000e+05
6.696640000000000000e+05 2.309030000000000000e+05
2.365710000000000000e+05 4.831300000000000000e+05
7.215960000000000000e+05 5.457920000000000000e+05
8.361970000000000000e+05 5.529260000000000000e+05
4.873720000000000000e+05 7.726750000000000000e+05
4.745740000000000000e+05 1.747210000000000000e+05
4.132930000000000000e+05 4.538250000000000000e+05
6.533040000000000000e+05 7.563140000000000000e+05
5.302970000000000000e+05 5.109960000000000000e+05
6.354100000000000000e+05 7.217500000000000000e+05
2.453000000000000000e+05 5.218330000000000000e+05
3.751630000000000000e+05 3.728280000000000000e+05
7.468250000000000000e+05 4.357920000000000000e+05
2.878500000000000000e+05 2.745470000000000000e+05
3.004280000000000000e+05 2.696810000000000000e+05
3.295160000000000000e+05 7.776130000000000000e+05
6.573860000000000000e+05 3.588790000000000000e+05
4.643860000000000000e+05 3.601010000000000000e+05
3.222910000000000000e+05 6.456890000000000000e+05
7.207910000000000000e+05 5.407580000000000000e+05
5.429340000000000000e+05 7.671270000000000000e+05
6.326670000000000000e+05 3.143470000000000000e+05
6.630390000000000000e+05 1.728420000000000000e+05
5.651870000000000000e+05 6.475300000000000000e+05
7.502790000000000000e+05 6.077960000000000000e+05
6.714960000000000000e+05 6.076640000000000000e+05
5.883770000000000000e+05 3.201930000000000000e+05
6.866130000000000000e+05 2.812140000000000000e+05
2.616050000000000000e+05 6.220200000000000000e+05
2.982390000000000000e+05 2.802520000000000000e+05
4.251060000000000000e+05 6.928780000000000000e+05
7.432520000000000000e+05 4.407810000000000000e+05
3.924860000000000000e+05 4.131520000000000000e+05
1.738400000000000000e+05 3.443060000000000000e+05
6.234500000000000000e+05 6.335760000000000000e+05
5.629190000000000000e+05 4.662830000000000000e+05
6.474320000000000000e+05 7.476270000000000000e+05
4.811420000000000000e+05 6.332340000000000000e+05
6.068050000000000000e+05 3.077700000000000000e+05
6.560110000000000000e+05 7.352740000000000000e+05
6.235160000000000000e+05 5.341920000000000000e+05
6.426240000000000000e+05 6.063970000000000000e+05
2.321810000000000000e+05 5.025240000000000000e+05
6.413660000000000000e+05 2.567110000000000000e+05
7.281710000000000000e+05 4.093490000000000000e+05
3.035850000000000000e+05 2.687400000000000000e+05
3.832570000000000000e+05 5.595030000000000000e+05
3.945360000000000000e+05 7.308600000000000000e+05
6.185910000000000000e+05 2.781250000000000000e+05
4.488040000000000000e+05 2.868920000000000000e+05
4.677480000000000000e+05 6.313420000000000000e+05
7.071690000000000000e+05 5.740810000000000000e+05
5.149580000000000000e+05 7.736260000000000000e+05
3.089830000000000000e+05 3.598630000000000000e+05
4.282010000000000000e+05 2.539980000000000000e+05
4.082590000000000000e+05 6.866090000000000000e+05
7.206570000000000000e+05 4.196460000000000000e+05
6.677450000000000000e+05 5.631620000000000000e+05
4.882640000000000000e+05 3.742820000000000000e+05
5.424400000000000000e+05 5.165590000000000000e+05
6.407760000000000000e+05 7.404630000000000000e+05
4.071120000000000000e+05 4.934370000000000000e+05
2.925780000000000000e+05 2.772220000000000000e+05
3.228600000000000000e+05 5.376300000000000000e+05
7.319330000000000000e+05 2.797520000000000000e+05
2.497910000000000000e+05 4.854320000000000000e+05
5.638030000000000000e+05 5.889310000000000000e+05
7.701530000000000000e+05 5.767720000000000000e+05
5.190840000000000000e+05 7.931500000000000000e+05
5.146940000000000000e+05 2.193590000000000000e+05
3.673520000000000000e+05 5.629820000000000000e+05
6.863130000000000000e+05 8.145400000000000000e+05
4.439640000000000000e+05 5.182110000000000000e+05
6.998830000000000000e+05 7.658660000000000000e+05
2.346240000000000000e+05 4.831300000000000000e+05
3.959580000000000000e+05 2.505660000000000000e+05
7.673330000000000000e+05 4.206510000000000000e+05
4.656970000000000000e+05 6.232690000000000000e+05
2.127980000000000000e+05 2.765290000000000000e+05
3.331810000000000000e+05 8.276350000000000000e+05
6.962940000000000000e+05 2.253930000000000000e+05
4.413050000000000000e+05 3.077180000000000000e+05
4.507510000000000000e+05 5.542540000000000000e+05
7.560260000000000000e+05 5.522340000000000000e+05
4.832160000000000000e+05 7.195850000000000000e+05
4.794230000000000000e+05 2.635780000000000000e+05
4.775880000000000000e+05 2.985480000000000000e+05
5.071140000000000000e+05 8.410440000000000000e+05
6.942200000000000000e+05 6.054340000000000000e+05
5.078180000000000000e+05 6.848360000000000000e+05
5.984330000000000000e+05 3.557920000000000000e+05
7.388330000000000000e+05 2.869260000000000000e+05
1.770490000000000000e+05 5.970360000000000000e+05
4.572320000000000000e+05 6.117620000000000000e+05
2.654540000000000000e+05 2.748040000000000000e+05
7.303820000000000000e+05 4.484500000000000000e+05
3.768950000000000000e+05 3.899050000000000000e+05
2.469980000000000000e+05 4.831350000000000000e+05
6.335300000000000000e+05 6.538840000000000000e+05
5.175490000000000000e+05 5.350830000000000000e+05
5.913990000000000000e+05 6.970190000000000000e+05
5.046580000000000000e+05 3.619390000000000000e+05
4.524810000000000000e+05 2.511800000000000000e+05
4.352380000000000000e+05 8.435960000000000000e+05
7.687000000000000000e+05 5.599540000000000000e+05
6.337730000000000000e+05 6.690380000000000000e+05
5.158540000000000000e+05 4.312960000000000000e+05
6.710920000000000000e+05 3.237640000000000000e+05
2.935390000000000000e+05 6.719080000000000000e+05
1.663870000000000000e+05 2.781540000000000000e+05
3.805010000000000000e+05 4.937330000000000000e+05
7.047680000000000000e+05 7.826920000000000000e+05
4.271920000000000000e+05 4.544010000000000000e+05
5.175930000000000000e+05 4.056970000000000000e+05
4.547200000000000000e+05 6.137920000000000000e+05
7.385510000000000000e+05 4.203720000000000000e+05
2.423930000000000000e+05 4.873660000000000000e+05
4.876270000000000000e+05 4.060470000000000000e+05
2.904070000000000000e+05 3.343610000000000000e+05
2.314090000000000000e+05 4.985120000000000000e+05
6.882220000000000000e+05 4.479580000000000000e+05
5.022850000000000000e+05 6.473220000000000000e+05
5.787510000000000000e+05 4.287860000000000000e+05
5.765880000000000000e+05 4.494720000000000000e+05
6.490070000000000000e+05 8.410890000000000000e+05
4.615720000000000000e+05 5.423770000000000000e+05
2.953810000000000000e+05 2.768510000000000000e+05
3.101680000000000000e+05 7.359370000000000000e+05
7.141000000000000000e+05 3.559410000000000000e+05
5.465170000000000000e+05 3.814820000000000000e+05
6.211050000000000000e+05 5.723880000000000000e+05
7.702550000000000000e+05 5.719070000000000000e+05
3.589660000000000000e+05 7.960390000000000000e+05
5.008390000000000000e+05 1.895150000000000000e+05
4.365730000000000000e+05 2.871370000000000000e+05
5.271970000000000000e+05 6.744870000000000000e+05
4.831360000000000000e+05 5.611940000000000000e+05
6.309150000000000000e+05 6.095930000000000000e+05
2.245040000000000000e+05 4.768600000000000000e+05
4.269880000000000000e+05 3.235120000000000000e+05
7.275340000000000000e+05 4.297640000000000000e+05
3.529610000000000000e+05 2.684480000000000000e+05
4.506840000000000000e+05 4.457280000000000000e+05
3.013040000000000000e+05 6.944880000000000000e+05
6.006660000000000000e+05 2.169900000000000000e+05
5.193880000000000000e+05 4.043080000000000000e+05
5.107920000000000000e+05 6.164160000000000000e+05
7.893390000000000000e+05 5.824010000000000000e+05
4.655450000000000000e+05 7.629360000000000000e+05
5.068170000000000000e+05 2.199630000000000000e+05
4.514880000000000000e+05 3.003010000000000000e+05
5.819940000000000000e+05 8.363750000000000000e+05
8.261060000000000000e+05 5.439730000000000000e+05
4.631640000000000000e+05 6.350910000000000000e+05
5.274590000000000000e+05 3.906760000000000000e+05
6.696890000000000000e+05 2.632400000000000000e+05
2.218330000000000000e+05 7.691050000000000000e+05
2.817230000000000000e+05 2.763850000000000000e+05
5.289180000000000000e+05 5.599500000000000000e+05
6.907300000000000000e+05 4.377390000000000000e+05
3.262100000000000000e+05 3.159840000000000000e+05
2.402230000000000000e+05 4.578580000000000000e+05
5.814460000000000000e+05 6.025260000000000000e+05
7.066330000000000000e+05 5.002570000000000000e+05
6.286580000000000000e+05 7.018600000000000000e+05
3.359110000000000000e+05 5.668410000000000000e+05
4.273420000000000000e+05 2.073250000000000000e+05
4.769120000000000000e+05 7.311960000000000000e+05
7.136230000000000000e+05 5.636760000000000000e+05
6.114880000000000000e+05 6.176180000000000000e+05
2.347000000000000000e+05 5.093710000000000000e+05
6.588940000000000000e+05 2.806650000000000000e+05
2.833040000000000000e+05 6.963510000000000000e+05
3.667810000000000000e+05 2.788520000000000000e+05
3.783670000000000000e+05 4.417280000000000000e+05
2.946840000000000000e+05 7.752240000000000000e+05
4.057180000000000000e+05 5.108210000000000000e+05
5.984570000000000000e+05 3.837560000000000000e+05
4.667110000000000000e+05 6.327930000000000000e+05
7.544850000000000000e+05 4.381680000000000000e+05
3.983970000000000000e+05 8.546040000000000000e+05
3.962110000000000000e+05 3.604880000000000000e+05
3.320020000000000000e+05 3.116510000000000000e+05
5.497930000000000000e+05 7.958110000000000000e+05
7.588690000000000000e+05 5.796890000000000000e+05
4.828500000000000000e+05 6.774800000000000000e+05
6.227690000000000000e+05 3.744830000000000000e+05
6.174650000000000000e+05 2.906660000000000000e+05
3.067630000000000000e+05 6.980610000000000000e+05
4.079560000000000000e+05 5.126520000000000000e+05
2.877030000000000000e+05 2.763130000000000000e+05
8.794620000000000000e+05 3.703320000000000000e+05
7.227370000000000000e+05 2.741240000000000000e+05
2.110580000000000000e+05 4.091530000000000000e+05
5.764040000000000000e+05 6.391740000000000000e+05
5.560310000000000000e+05 5.063050000000000000e+05
6.954720000000000000e+05 7.942960000000000000e+05
4.973710000000000000e+05 2.114540000000000000e+05
4.082570000000000000e+05 5.450040000000000000e+05
6.704300000000000000e+05 6.876420000000000000e+05
5.005220000000000000e+05 4.446840000000000000e+05
5.303420000000000000e+05 5.247970000000000000e+05
2.476970000000000000e+05 4.819870000000000000e+05
3.592970000000000000e+05 3.709490000000000000e+05
7.525890000000000000e+05 4.002350000000000000e+05
4.320190000000000000e+05 6.330390000000000000e+05
2.890260000000000000e+05 2.750490000000000000e+05
2.795150000000000000e+05 6.170560000000000000e+05
6.614180000000000000e+05 2.941870000000000000e+05
5.954000000000000000e+05 3.856690000000000000e+05
6.917640000000000000e+05 6.225050000000000000e+05
9.269500000000000000e+05 4.460480000000000000e+05
4.367780000000000000e+05 7.357130000000000000e+05
5.173720000000000000e+05 2.181440000000000000e+05
6.171110000000000000e+05 1.714890000000000000e+05
5.474630000000000000e+05 7.746200000000000000e+05
7.601640000000000000e+05 5.064350000000000000e+05
4.957280000000000000e+05 5.912310000000000000e+05
4.717340000000000000e+05 2.946800000000000000e+05
5.980440000000000000e+05 2.017460000000000000e+05
2.230590000000000000e+05 6.717460000000000000e+05
3.221500000000000000e+05 2.716040000000000000e+05
2.786020000000000000e+05 2.767770000000000000e+05
7.672360000000000000e+05 4.153240000000000000e+05
3.613250000000000000e+05 3.382660000000000000e+05
1.789460000000000000e+05 3.718850000000000000e+05
6.406730000000000000e+05 6.040830000000000000e+05
5.381440000000000000e+05 5.278170000000000000e+05
6.546820000000000000e+05 7.597850000000000000e+05
3.710400000000000000e+05 4.984070000000000000e+05
5.859410000000000000e+05 2.419550000000000000e+05
4.677590000000000000e+05 7.187100000000000000e+05
7.464040000000000000e+05 7.114520000000000000e+05
6.620420000000000000e+05 6.341190000000000000e+05
2.415790000000000000e+05 4.909510000000000000e+05
7.335390000000000000e+05 2.872280000000000000e+05
2.902510000000000000e+05 6.283430000000000000e+05
3.235950000000000000e+05 2.736270000000000000e+05
3.822350000000000000e+05 5.032830000000000000e+05
7.250750000000000000e+05 7.385990000000000000e+05
5.478190000000000000e+05 5.098240000000000000e+05
5.033070000000000000e+05 2.131680000000000000e+05
4.485650000000000000e+05 6.181760000000000000e+05
7.656330000000000000e+05 4.052250000000000000e+05
2.210270000000000000e+05 4.759800000000000000e+05
3.759830000000000000e+05 3.815060000000000000e+05
3.703460000000000000e+05 3.693590000000000000e+05
4.995980000000000000e+05 7.644860000000000000e+05
7.410440000000000000e+05 4.386250000000000000e+05
4.310170000000000000e+05 6.661320000000000000e+05
5.411820000000000000e+05 4.088090000000000000e+05
6.025840000000000000e+05 5.010460000000000000e+05
5.888620000000000000e+05 7.223140000000000000e+05
3.946690000000000000e+05 4.188320000000000000e+05
2.033550000000000000e+05 2.704730000000000000e+05
2.391500000000000000e+05 7.103760000000000000e+05
6.098560000000000000e+05 2.940510000000000000e+05
2.604410000000000000e+05 5.127150000000000000e+05
6.107320000000000000e+05 5.547950000000000000e+05
8.265560000000000000e+05 4.956740000000000000e+05
3.800730000000000000e+05 7.659020000000000000e+05
5.977620000000000000e+05 2.784820000000000000e+05
4.632370000000000000e+05 4.974630000000000000e+05
6.433030000000000000e+05 7.269330000000000000e+05
5.237130000000000000e+05 3.680830000000000000e+05
6.252230000000000000e+05 6.049070000000000000e+05
2.243690000000000000e+05 4.836260000000000000e+05
4.266270000000000000e+05 3.798150000000000000e+05
7.323060000000000000e+05 4.230400000000000000e+05
2.882990000000000000e+05 2.755570000000000000e+05
3.165730000000000000e+05 2.685350000000000000e+05
2.781300000000000000e+05 6.818520000000000000e+05
6.562640000000000000e+05 2.226130000000000000e+05
5.384010000000000000e+05 2.816270000000000000e+05
4.194390000000000000e+05 6.582970000000000000e+05
8.148430000000000000e+05 5.908970000000000000e+05
4.586550000000000000e+05 8.091660000000000000e+05
5.470150000000000000e+05 3.848310000000000000e+05
5.113290000000000000e+05 2.289860000000000000e+05
4.474700000000000000e+05 7.700780000000000000e+05
7.685230000000000000e+05 5.616290000000000000e+05
5.843710000000000000e+05 5.233050000000000000e+05
5.831560000000000000e+05 4.139860000000000000e+05
6.667440000000000000e+05 2.738300000000000000e+05
1.928360000000000000e+05 6.483580000000000000e+05
3.454230000000000000e+05 2.757070000000000000e+05
4.615010000000000000e+05 6.362740000000000000e+05
7.473030000000000000e+05 4.065480000000000000e+05
4.506430000000000000e+05 3.966310000000000000e+05
2.209330000000000000e+05 4.522150000000000000e+05
4.442630000000000000e+05 3.754050000000000000e+05
5.587720000000000000e+05 4.740530000000000000e+05
5.647130000000000000e+05 6.914560000000000000e+05
4.087640000000000000e+05 5.048370000000000000e+05
4.079900000000000000e+05 2.678360000000000000e+05
5.887120000000000000e+05 8.043210000000000000e+05
6.106060000000000000e+05 5.193330000000000000e+05
7.058190000000000000e+05 6.526910000000000000e+05
2.058400000000000000e+05 4.192720000000000000e+05
4.640720000000000000e+05 2.955960000000000000e+05
7.260160000000000000e+05 4.168970000000000000e+05
3.241660000000000000e+05 2.748710000000000000e+05
3.776130000000000000e+05 5.156720000000000000e+05
2.668760000000000000e+05 6.658760000000000000e+05
7.465980000000000000e+05 3.000520000000000000e+05
5.446060000000000000e+05 3.449880000000000000e+05
4.876810000000000000e+05 6.148920000000000000e+05
8.926970000000000000e+05 5.263030000000000000e+05
5.393300000000000000e+05 7.505670000000000000e+05
3.532880000000000000e+05 3.646870000000000000e+05
3.568940000000000000e+05 3.653680000000000000e+05
5.325290000000000000e+05 6.762890000000000000e+05
7.874650000000000000e+05 5.890480000000000000e+05
3.921960000000000000e+05 6.951090000000000000e+05
5.673940000000000000e+05 3.583660000000000000e+05
5.130360000000000000e+05 5.303110000000000000e+05
1.881860000000000000e+05 6.545400000000000000e+05
3.793890000000000000e+05 5.082760000000000000e+05
2.700520000000000000e+05 2.760510000000000000e+05
5.963530000000000000e+05 4.706040000000000000e+05
6.745880000000000000e+05 2.619120000000000000e+05
2.158030000000000000e+05 4.166560000000000000e+05
6.426610000000000000e+05 7.363910000000000000e+05
8.879140000000000000e+05 5.165520000000000000e+05
6.450680000000000000e+05 7.162480000000000000e+05
5.070000000000000000e+05 2.483640000000000000e+05
4.448150000000000000e+05 4.808320000000000000e+05
6.692770000000000000e+05 7.462960000000000000e+05
3.907730000000000000e+05 5.171210000000000000e+05
5.808740000000000000e+05 7.822620000000000000e+05
3.062310000000000000e+05 6.162730000000000000e+05
4.103270000000000000e+05 4.547420000000000000e+05
7.315990000000000000e+05 4.288520000000000000e+05
3.552220000000000000e+05 7.475100000000000000e+05
2.332990000000000000e+05 2.780910000000000000e+05
3.160650000000000000e+05 7.962470000000000000e+05
6.799580000000000000e+05 2.728610000000000000e+05
6.232070000000000000e+05 3.872170000000000000e+05
5.753570000000000000e+05 6.619210000000000000e+05
7.860650000000000000e+05 5.429270000000000000e+05
5.436860000000000000e+05 7.430200000000000000e+05
5.423700000000000000e+05 2.264640000000000000e+05
6.162890000000000000e+05 2.631440000000000000e+05
4.958840000000000000e+05 7.558010000000000000e+05
7.322450000000000000e+05 5.471610000000000000e+05
4.634150000000000000e+05 6.322120000000000000e+05
5.581380000000000000e+05 4.039530000000000000e+05
6.556730000000000000e+05 2.842340000000000000e+05
2.924220000000000000e+05 6.067830000000000000e+05
2.485470000000000000e+05 5.088650000000000000e+05
2.781220000000000000e+05 2.706250000000000000e+05
7.999440000000000000e+05 4.182570000000000000e+05
3.285080000000000000e+05 3.832820000000000000e+05
2.598590000000000000e+05 5.200490000000000000e+05
6.962750000000000000e+05 5.916170000000000000e+05
5.330180000000000000e+05 5.145320000000000000e+05
6.306120000000000000e+05 7.705760000000000000e+05
3.519450000000000000e+05 5.098630000000000000e+05
4.538050000000000000e+05 3.182400000000000000e+05
3.908930000000000000e+05 7.960240000000000000e+05
7.807320000000000000e+05 6.157620000000000000e+05
6.577810000000000000e+05 6.218260000000000000e+05
2.343000000000000000e+05 4.752400000000000000e+05
6.664710000000000000e+05 2.596940000000000000e+05
1.615620000000000000e+05 6.249790000000000000e+05
2.926110000000000000e+05 2.775260000000000000e+05
3.162540000000000000e+05 5.890680000000000000e+05
6.794220000000000000e+05 7.111940000000000000e+05
5.288150000000000000e+05 5.484970000000000000e+05
4.894670000000000000e+05 3.843390000000000000e+05
6.420530000000000000e+05 6.497460000000000000e+05
7.432930000000000000e+05 4.322050000000000000e+05
2.377480000000000000e+05 5.161420000000000000e+05
3.049730000000000000e+05 3.759390000000000000e+05
3.951560000000000000e+05 4.062380000000000000e+05
2.338020000000000000e+05 5.040330000000000000e+05
7.274990000000000000e+05 4.262720000000000000e+05
4.946520000000000000e+05 5.889060000000000000e+05
5.476520000000000000e+05 3.536840000000000000e+05
5.695180000000000000e+05 6.585010000000000000e+05
6.412960000000000000e+05 7.469850000000000000e+05
5.266760000000000000e+05 5.356580000000000000e+05
3.469650000000000000e+05 2.719370000000000000e+05
1.231310000000000000e+05 5.988320000000000000e+05
6.314790000000000000e+05 2.737190000000000000e+05
5.172920000000000000e+05 3.407910000000000000e+05
6.342090000000000000e+05 5.949800000000000000e+05
7.909410000000000000e+05 5.899160000000000000e+05
5.121970000000000000e+05 7.483090000000000000e+05
5.346990000000000000e+05 2.555990000000000000e+05
4.143850000000000000e+05 5.501790000000000000e+05
6.665410000000000000e+05 7.541710000000000000e+05
5.451290000000000000e+05 5.540350000000000000e+05
6.238940000000000000e+05 6.063180000000000000e+05
2.633500000000000000e+05 5.260780000000000000e+05
4.595360000000000000e+05 4.745940000000000000e+05
7.196360000000000000e+05 4.266450000000000000e+05
2.736400000000000000e+05 2.734590000000000000e+05
4.395380000000000000e+05 4.883340000000000000e+05
3.198190000000000000e+05 6.784010000000000000e+05
6.556190000000000000e+05 3.000690000000000000e+05
5.517130000000000000e+05 3.769140000000000000e+05
3.905690000000000000e+05 6.984390000000000000e+05
7.986370000000000000e+05 4.584730000000000000e+05
4.348750000000000000e+05 9.033940000000000000e+05
6.474650000000000000e+05 3.425490000000000000e+05
4.627420000000000000e+05 1.271990000000000000e+05
5.269760000000000000e+05 7.694590000000000000e+05
7.729320000000000000e+05 5.366450000000000000e+05
4.723010000000000000e+05 6.393850000000000000e+05
4.608010000000000000e+05 4.474630000000000000e+05
6.881320000000000000e+05 3.125390000000000000e+05
2.790440000000000000e+05 6.972630000000000000e+05
2.877050000000000000e+05 2.739340000000000000e+05
4.376870000000000000e+05 5.785710000000000000e+05
6.948210000000000000e+05 4.386290000000000000e+05
4.352350000000000000e+05 3.781340000000000000e+05
3.078610000000000000e+05 6.325340000000000000e+05
6.110650000000000000e+05 6.961000000000000000e+05
4.830240000000000000e+05 5.051210000000000000e+05
7.225430000000000000e+05 6.224790000000000000e+05
4.205160000000000000e+05 5.389840000000000000e+05
5.254480000000000000e+05 2.516950000000000000e+05
6.244740000000000000e+05 8.376040000000000000e+05
7.758830000000000000e+05 6.293340000000000000e+05
6.211830000000000000e+05 6.136490000000000000e+05
2.508380000000000000e+05 5.041430000000000000e+05
6.499620000000000000e+05 3.065490000000000000e+05
7.988140000000000000e+05 4.015090000000000000e+05
2.920870000000000000e+05 2.728740000000000000e+05
4.029540000000000000e+05 5.332640000000000000e+05
3.549770000000000000e+05 8.048260000000000000e+05
5.010150000000000000e+05 5.503110000000000000e+05
5.723370000000000000e+05 3.976680000000000000e+05
4.583270000000000000e+05 6.343980000000000000e+05
7.311190000000000000e+05 4.441310000000000000e+05
4.386720000000000000e+05 7.470010000000000000e+05
3.781920000000000000e+05 3.724640000000000000e+05
5.400520000000000000e+05 4.592580000000000000e+05
6.444470000000000000e+05 7.849070000000000000e+05
7.467590000000000000e+05 5.733210000000000000e+05
3.718730000000000000e+05 5.443780000000000000e+05
5.348220000000000000e+05 4.075010000000000000e+05
6.204900000000000000e+05 1.328400000000000000e+05
3.576440000000000000e+05 6.959810000000000000e+05
3.773850000000000000e+05 5.923880000000000000e+05
4.698260000000000000e+05 2.658760000000000000e+05
7.593730000000000000e+05 4.323780000000000000e+05
3.743870000000000000e+05 4.673470000000000000e+05
2.523350000000000000e+05 5.044030000000000000e+05
6.962530000000000000e+05 5.788640000000000000e+05
3.918090000000000000e+05 4.990580000000000000e+05
6.572010000000000000e+05 7.359780000000000000e+05
5.578740000000000000e+05 9.597000000000000000e+03
4.025540000000000000e+05 4.554090000000000000e+05
7.089600000000000000e+05 6.195750000000000000e+05
5.239110000000000000e+05 5.633340000000000000e+05
6.434390000000000000e+05 6.117140000000000000e+05
2.866160000000000000e+05 5.735280000000000000e+05
3.730600000000000000e+05 3.965770000000000000e+05
7.103490000000000000e+05 4.191010000000000000e+05
2.412810000000000000e+05 6.031170000000000000e+05
2.910430000000000000e+05 2.818630000000000000e+05
3.836540000000000000e+05 6.110450000000000000e+05
6.843130000000000000e+05 1.975710000000000000e+05
5.529070000000000000e+05 4.094760000000000000e+05
6.235790000000000000e+05 6.712840000000000000e+05
7.539060000000000000e+05 4.847650000000000000e+05
5.884630000000000000e+05 7.326820000000000000e+05
4.985900000000000000e+05 1.927900000000000000e+05
4.902440000000000000e+05 2.941200000000000000e+05
5.016510000000000000e+05 7.641540000000000000e+05
7.598010000000000000e+05 5.746380000000000000e+05
4.547420000000000000e+05 6.332470000000000000e+05
5.385080000000000000e+05 3.877710000000000000e+05
6.623110000000000000e+05 2.964060000000000000e+05
1.951080000000000000e+05 6.816720000000000000e+05
4.108900000000000000e+05 2.786000000000000000e+05
3.285720000000000000e+05 2.729120000000000000e+05
6.568490000000000000e+05 4.791130000000000000e+05
4.437990000000000000e+05 4.034130000000000000e+05
2.238200000000000000e+05 4.817130000000000000e+05
6.407220000000000000e+05 6.117100000000000000e+05
5.089290000000000000e+05 4.473770000000000000e+05
7.177220000000000000e+05 7.503300000000000000e+05
3.848230000000000000e+05 4.801490000000000000e+05
5.347270000000000000e+05 1.247600000000000000e+05
5.594240000000000000e+05 7.791170000000000000e+05
7.943590000000000000e+05 4.423800000000000000e+05
6.305360000000000000e+05 6.098160000000000000e+05
2.429840000000000000e+05 4.867420000000000000e+05
6.724920000000000000e+05 3.043870000000000000e+05
2.926960000000000000e+05 6.378620000000000000e+05
2.881000000000000000e+05 2.761630000000000000e+05
3.558530000000000000e+05 5.946340000000000000e+05
6.510150000000000000e+05 7.426590000000000000e+05
5.103420000000000000e+05 5.327050000000000000e+05
6.230050000000000000e+05 4.801040000000000000e+05
5.345870000000000000e+05 7.011400000000000000e+05
8.355160000000000000e+05 4.001520000000000000e+05
2.376440000000000000e+05 4.543230000000000000e+05
4.051750000000000000e+05 3.247220000000000000e+05
3.895520000000000000e+05 3.643170000000000000e+05
2.355070000000000000e+05 4.865420000000000000e+05
7.410310000000000000e+05 4.348330000000000000e+05
4.482280000000000000e+05 6.037390000000000000e+05
