800 2
4.196500000000000000e+04 5.618300000000000000e+04
8.270000000000000000e+03 1.283900000000000000e+04
2.211600000000000000e+04 4.708900000000000000e+04
1.798000000000000000e+04 2.526000000000000000e+04
4.336800000000000000e+04 5.905000000000000000e+03
2.564600000000000000e+04 5.490800000000000000e+04
6.123500000000000000e+04 4.505300000000000000e+04
4.094400000000000000e+04 2.850400000000000000e+04
6.022600000000000000e+04 2.520400000000000000e+04
3.831300000000000000e+04 4.291800000000000000e+04
9.484000000000000000e+03 4.961900000000000000e+04
5.928600000000000000e+04 1.941000000000000000e+04
2.721700000000000000e+04 1.349300000000000000e+04
3.611600000000000000e+04 3.553000000000000000e+04
1.266200000000000000e+04 4.290000000000000000e+03
1.540400000000000000e+04 3.886900000000000000e+04
5.606000000000000000e+03 4.522900000000000000e+04
5.561500000000000000e+04 3.921300000000000000e+04
3.029600000000000000e+04 6.134900000000000000e+04
3.706400000000000000e+04 7.162000000000000000e+03
1.136600000000000000e+04 1.561300000000000000e+04
8.338000000000000000e+03 6.031900000000000000e+04
3.256300000000000000e+04 4.975000000000000000e+04
8.989000000000000000e+03 3.160500000000000000e+04
4.463700000000000000e+04 2.615000000000000000e+04
6.001300000000000000e+04 5.241000000000000000e+04
1.660000000000000000e+04 5.301800000000000000e+04
5.521700000000000000e+04 1.301300000000000000e+04
2.438900000000000000e+04 2.684800000000000000e+04
5.236600000000000000e+04 3.305300000000000000e+04
1.686700000000000000e+04 7.522000000000000000e+03
1.461100000000000000e+04 4.355000000000000000e+04
1.705700000000000000e+04 3.735300000000000000e+04
1.374900000000000000e+04 5.635000000000000000e+03
5.622300000000000000e+04 5.806100000000000000e+04
3.295500000000000000e+04 2.061000000000000000e+04
5.353400000000000000e+04 1.472400000000000000e+04
1.480100000000000000e+04 5.321300000000000000e+04
4.440300000000000000e+04 4.546200000000000000e+04
4.974000000000000000e+04 2.296900000000000000e+04
3.646000000000000000e+03 2.349000000000000000e+04
2.933200000000000000e+04 4.645600000000000000e+04
4.309700000000000000e+04 5.552500000000000000e+04
7.402000000000000000e+03 1.138000000000000000e+04
3.377900000000000000e+04 8.653000000000000000e+03
3.036200000000000000e+04 5.919600000000000000e+04
5.101200000000000000e+04 4.823300000000000000e+04
4.282700000000000000e+04 3.536200000000000000e+04
9.501000000000000000e+03 4.128500000000000000e+04
3.924700000000000000e+04 1.698700000000000000e+04
3.712200000000000000e+04 5.677200000000000000e+04
2.911300000000000000e+04 1.061800000000000000e+04
5.959500000000000000e+04 1.214100000000000000e+04
5.365000000000000000e+03 5.343000000000000000e+04
3.763400000000000000e+04 4.960800000000000000e+04
9.566000000000000000e+03 3.066600000000000000e+04
4.036100000000000000e+04 2.866700000000000000e+04
6.018800000000000000e+04 4.595700000000000000e+04
1.962700000000000000e+04 6.157900000000000000e+04
4.736700000000000000e+04 8.368000000000000000e+03
2.496700000000000000e+04 2.844700000000000000e+04
5.600100000000000000e+04 3.512700000000000000e+04
1.487000000000000000e+04 1.509100000000000000e+04
4.465000000000000000e+04 6.069400000000000000e+04
1.107300000000000000e+04 4.357700000000000000e+04
2.091700000000000000e+04 7.988000000000000000e+03
5.827500000000000000e+04 3.475600000000000000e+04
2.522000000000000000e+04 2.582700000000000000e+04
4.569300000000000000e+04 9.727000000000000000e+03
2.045400000000000000e+04 6.298000000000000000e+04
6.098200000000000000e+04 5.099400000000000000e+04
4.532000000000000000e+04 2.218200000000000000e+04
1.059100000000000000e+04 2.990300000000000000e+04
3.522700000000000000e+04 4.831800000000000000e+04
5.325000000000000000e+03 5.459200000000000000e+04
6.237100000000000000e+04 9.588000000000000000e+03
2.901000000000000000e+04 1.088100000000000000e+04
3.760600000000000000e+04 5.566600000000000000e+04
5.511300000000000000e+04 4.026200000000000000e+04
5.126000000000000000e+03 4.342000000000000000e+04
4.099300000000000000e+04 3.553300000000000000e+04
5.063800000000000000e+04 4.802600000000000000e+04
2.594800000000000000e+04 5.586400000000000000e+04
4.317400000000000000e+04 4.190000000000000000e+03
8.876000000000000000e+03 1.093900000000000000e+04
4.229800000000000000e+04 5.468700000000000000e+04
3.108000000000000000e+04 4.373500000000000000e+04
4.538000000000000000e+03 2.581100000000000000e+04
5.385500000000000000e+04 2.410700000000000000e+04
4.312600000000000000e+04 4.694200000000000000e+04
1.227100000000000000e+04 5.080100000000000000e+04
5.972700000000000000e+04 2.030600000000000000e+04
2.730100000000000000e+04 1.679700000000000000e+04
3.671700000000000000e+04 3.809900000000000000e+04
1.141900000000000000e+04 3.978000000000000000e+03
1.689700000000000000e+04 3.865900000000000000e+04
1.510800000000000000e+04 4.218900000000000000e+04
2.044500000000000000e+04 6.402000000000000000e+03
5.633000000000000000e+04 5.789500000000000000e+04
2.615000000000000000e+04 2.285000000000000000e+04
5.605500000000000000e+04 1.434300000000000000e+04
1.419400000000000000e+04 5.488900000000000000e+04
4.494600000000000000e+04 4.225800000000000000e+04
5.109600000000000000e+04 2.411500000000000000e+04
4.156000000000000000e+03 2.292000000000000000e+04
3.179600000000000000e+04 4.710100000000000000e+04
1.027100000000000000e+04 6.051000000000000000e+04
9.059000000000000000e+03 1.597000000000000000e+04
3.643500000000000000e+04 5.585000000000000000e+03
3.181200000000000000e+04 6.132300000000000000e+04
5.371600000000000000e+04 4.404400000000000000e+04
3.829000000000000000e+03 4.260700000000000000e+04
8.339000000000000000e+03 3.928400000000000000e+04
3.951200000000000000e+04 1.688300000000000000e+04
3.456400000000000000e+04 3.871400000000000000e+04
2.614000000000000000e+04 1.550000000000000000e+04
6.150300000000000000e+04 9.295000000000000000e+03
6.509000000000000000e+03 5.296900000000000000e+04
3.630200000000000000e+04 4.142500000000000000e+04
5.835100000000000000e+04 2.643600000000000000e+04
3.847100000000000000e+04 2.958700000000000000e+04
5.891100000000000000e+04 4.623000000000000000e+04
2.701200000000000000e+04 5.362000000000000000e+04
4.277200000000000000e+04 5.582000000000000000e+03
2.036000000000000000e+04 2.362100000000000000e+04
2.005800000000000000e+04 4.599400000000000000e+04
1.589100000000000000e+04 1.253700000000000000e+04
4.781600000000000000e+04 5.965400000000000000e+04
4.787900000000000000e+04 5.886800000000000000e+04
1.531400000000000000e+04 1.369900000000000000e+04
2.346800000000000000e+04 4.418000000000000000e+04
1.689300000000000000e+04 2.512200000000000000e+04
4.644500000000000000e+04 1.019500000000000000e+04
1.894300000000000000e+04 5.810900000000000000e+04
6.047900000000000000e+04 4.542300000000000000e+04
4.217300000000000000e+04 2.952100000000000000e+04
5.806300000000000000e+04 2.877400000000000000e+04
3.581200000000000000e+04 4.423700000000000000e+04
5.484000000000000000e+03 5.433300000000000000e+04
6.018000000000000000e+04 7.020000000000000000e+03
2.813600000000000000e+04 7.193000000000000000e+03
3.889800000000000000e+04 5.741800000000000000e+04
3.836400000000000000e+04 1.779400000000000000e+04
9.219000000000000000e+03 3.735000000000000000e+04
4.618600000000000000e+04 3.501600000000000000e+04
5.080100000000000000e+04 4.859500000000000000e+04
3.057100000000000000e+04 6.124900000000000000e+04
3.795700000000000000e+04 8.099000000000000000e+03
9.872000000000000000e+03 1.845700000000000000e+04
7.561000000000000000e+03 6.102100000000000000e+04
2.888000000000000000e+04 4.588600000000000000e+04
4.344000000000000000e+03 2.491800000000000000e+04
5.021100000000000000e+04 2.347800000000000000e+04
4.499300000000000000e+04 4.728500000000000000e+04
1.736900000000000000e+04 5.673400000000000000e+04
5.610300000000000000e+04 1.559400000000000000e+04
3.104600000000000000e+04 2.116100000000000000e+04
5.817800000000000000e+04 5.791200000000000000e+04
1.203600000000000000e+04 4.941000000000000000e+03
1.623600000000000000e+04 4.196800000000000000e+04
1.607900000000000000e+04 3.887700000000000000e+04
1.279200000000000000e+04 2.105000000000000000e+03
3.620800000000000000e+04 3.647000000000000000e+04
3.105700000000000000e+04 1.532400000000000000e+04
6.036500000000000000e+04 1.775700000000000000e+04
1.140200000000000000e+04 4.903700000000000000e+04
3.874200000000000000e+04 4.505400000000000000e+04
6.107500000000000000e+04 2.719100000000000000e+04
1.816400000000000000e+04 2.580000000000000000e+04
2.314200000000000000e+04 4.535800000000000000e+04
4.153200000000000000e+04 5.533900000000000000e+04
6.449000000000000000e+03 1.014700000000000000e+04
4.289000000000000000e+04 5.044000000000000000e+03
2.601600000000000000e+04 5.621800000000000000e+04
5.142700000000000000e+04 4.879500000000000000e+04
4.540700000000000000e+04 3.447200000000000000e+04
4.799000000000000000e+03 4.163200000000000000e+04
5.389400000000000000e+04 4.378000000000000000e+04
3.688700000000000000e+04 5.892900000000000000e+04
2.943900000000000000e+04 9.536000000000000000e+03
9.571000000000000000e+03 1.731900000000000000e+04
8.481000000000000000e+03 5.952800000000000000e+04
3.638100000000000000e+04 5.277000000000000000e+04
8.836000000000000000e+03 3.196400000000000000e+04
4.365700000000000000e+04 2.746500000000000000e+04
5.660800000000000000e+04 5.302400000000000000e+04
2.134800000000000000e+04 6.080400000000000000e+04
4.632300000000000000e+04 9.533000000000000000e+03
2.736400000000000000e+04 3.176800000000000000e+04
5.670400000000000000e+04 3.760700000000000000e+04
1.985400000000000000e+04 7.590000000000000000e+03
1.122200000000000000e+04 4.300500000000000000e+04
4.757100000000000000e+04 5.589000000000000000e+04
1.802200000000000000e+04 1.418400000000000000e+04
5.663400000000000000e+04 3.609200000000000000e+04
2.570200000000000000e+04 2.742600000000000000e+04
4.729400000000000000e+04 1.133400000000000000e+04
2.048200000000000000e+04 6.023400000000000000e+04
6.121300000000000000e+04 4.991600000000000000e+04
4.568100000000000000e+04 2.712200000000000000e+04
6.460000000000000000e+03 3.026200000000000000e+04
3.756100000000000000e+04 4.999500000000000000e+04
2.975000000000000000e+03 5.477700000000000000e+04
5.982900000000000000e+04 1.026200000000000000e+04
3.080000000000000000e+04 1.013300000000000000e+04
3.578700000000000000e+04 5.646600000000000000e+04
3.742200000000000000e+04 2.052800000000000000e+04
8.944000000000000000e+03 3.791900000000000000e+04
4.335700000000000000e+04 3.414900000000000000e+04
5.114400000000000000e+04 4.726300000000000000e+04
2.408900000000000000e+04 5.685000000000000000e+04
4.018800000000000000e+04 3.501000000000000000e+03
8.185000000000000000e+03 1.305900000000000000e+04
4.509000000000000000e+04 5.723500000000000000e+04
3.260400000000000000e+04 4.292700000000000000e+04
4.101000000000000000e+03 2.316400000000000000e+04
5.050600000000000000e+04 2.382000000000000000e+04
4.168500000000000000e+04 4.640000000000000000e+04
1.089500000000000000e+04 4.986800000000000000e+04
5.811800000000000000e+04 1.966600000000000000e+04
3.124600000000000000e+04 2.016900000000000000e+04
5.868100000000000000e+04 5.889100000000000000e+04
1.331000000000000000e+04 4.478000000000000000e+03
1.514100000000000000e+04 3.740100000000000000e+04
1.398900000000000000e+04 4.219700000000000000e+04
2.049400000000000000e+04 7.676000000000000000e+03
5.634900000000000000e+04 5.787600000000000000e+04
2.964200000000000000e+04 2.176300000000000000e+04
5.389200000000000000e+04 1.332100000000000000e+04
1.579300000000000000e+04 5.106600000000000000e+04
5.937900000000000000e+04 4.850000000000000000e+04
4.520300000000000000e+04 2.433800000000000000e+04
6.906000000000000000e+03 2.881500000000000000e+04
3.700900000000000000e+04 5.066500000000000000e+04
1.083700000000000000e+04 5.720200000000000000e+04
9.418000000000000000e+03 1.773900000000000000e+04
3.250500000000000000e+04 6.692000000000000000e+03
3.026300000000000000e+04 5.940400000000000000e+04
4.931300000000000000e+04 4.197200000000000000e+04
3.738000000000000000e+03 4.193100000000000000e+04
9.078000000000000000e+03 3.872600000000000000e+04
4.095300000000000000e+04 1.561100000000000000e+04
3.578300000000000000e+04 3.716600000000000000e+04
2.362000000000000000e+04 1.611900000000000000e+04
6.101700000000000000e+04 2.009400000000000000e+04
9.943000000000000000e+03 4.925100000000000000e+04
3.447200000000000000e+04 4.498600000000000000e+04
6.221700000000000000e+04 2.810400000000000000e+04
4.241100000000000000e+04 2.739200000000000000e+04
5.932500000000000000e+04 4.897800000000000000e+04
2.785900000000000000e+04 5.543800000000000000e+04
4.216200000000000000e+04 4.353000000000000000e+03
1.794300000000000000e+04 2.476400000000000000e+04
2.265300000000000000e+04 4.299300000000000000e+04
1.774300000000000000e+04 1.641700000000000000e+04
4.748600000000000000e+04 5.973200000000000000e+04
4.798000000000000000e+04 6.033000000000000000e+04
1.709500000000000000e+04 1.574000000000000000e+04
2.346000000000000000e+04 4.714900000000000000e+04
1.864900000000000000e+04 2.504300000000000000e+04
4.317100000000000000e+04 6.025000000000000000e+03
2.549600000000000000e+04 5.296200000000000000e+04
5.834800000000000000e+04 4.828700000000000000e+04
3.811200000000000000e+04 2.944100000000000000e+04
5.870000000000000000e+04 2.718800000000000000e+04
3.759400000000000000e+04 4.323600000000000000e+04
4.103000000000000000e+03 5.413800000000000000e+04
5.953900000000000000e+04 9.248000000000000000e+03
2.720500000000000000e+04 1.274400000000000000e+04
3.632900000000000000e+04 3.401900000000000000e+04
4.147400000000000000e+04 1.610800000000000000e+04
8.056000000000000000e+03 3.797600000000000000e+04
5.741000000000000000e+03 4.419500000000000000e+04
5.446100000000000000e+04 4.169900000000000000e+04
3.167000000000000000e+04 6.114300000000000000e+04
3.560500000000000000e+04 7.464000000000000000e+03
1.148200000000000000e+04 1.669000000000000000e+04
1.148100000000000000e+04 5.979700000000000000e+04
3.189600000000000000e+04 4.674000000000000000e+04
2.269000000000000000e+03 2.423100000000000000e+04
4.702400000000000000e+04 2.610600000000000000e+04
5.879200000000000000e+04 5.210000000000000000e+04
2.057600000000000000e+04 5.237100000000000000e+04
5.339900000000000000e+04 1.092900000000000000e+04
2.831200000000000000e+04 2.086500000000000000e+04
5.847800000000000000e+04 6.118500000000000000e+04
2.026100000000000000e+04 8.134000000000000000e+03
1.172000000000000000e+04 4.366900000000000000e+04
1.482300000000000000e+04 3.750800000000000000e+04
1.355600000000000000e+04 5.527000000000000000e+03
6.029900000000000000e+04 5.776900000000000000e+04
2.999900000000000000e+04 1.974200000000000000e+04
5.945200000000000000e+04 1.770000000000000000e+04
1.150400000000000000e+04 4.950400000000000000e+04
4.413400000000000000e+04 4.552300000000000000e+04
4.924200000000000000e+04 2.148900000000000000e+04
4.557000000000000000e+03 2.461800000000000000e+04
2.984100000000000000e+04 4.501300000000000000e+04
4.507300000000000000e+04 5.529100000000000000e+04
8.130000000000000000e+03 1.017600000000000000e+04
4.427800000000000000e+04 4.111000000000000000e+03
2.474100000000000000e+04 5.629000000000000000e+04
4.941900000000000000e+04 4.514700000000000000e+04
4.332800000000000000e+04 3.288200000000000000e+04
4.134000000000000000e+03 4.208000000000000000e+04
5.499500000000000000e+04 4.365500000000000000e+04
3.455400000000000000e+04 5.798300000000000000e+04
2.758000000000000000e+04 9.286000000000000000e+03
5.765000000000000000e+04 7.084000000000000000e+03
2.642000000000000000e+03 5.524100000000000000e+04
3.292700000000000000e+04 4.925400000000000000e+04
1.109900000000000000e+04 2.776700000000000000e+04
4.448900000000000000e+04 2.741000000000000000e+04
5.814700000000000000e+04 5.303700000000000000e+04
1.827700000000000000e+04 6.279600000000000000e+04
4.899500000000000000e+04 1.045300000000000000e+04
2.489000000000000000e+04 2.954300000000000000e+04
5.711400000000000000e+04 3.645400000000000000e+04
1.767600000000000000e+04 1.202200000000000000e+04
4.588900000000000000e+04 6.154400000000000000e+04
1.317000000000000000e+04 4.151700000000000000e+04
1.994200000000000000e+04 8.201000000000000000e+03
5.444100000000000000e+04 3.609800000000000000e+04
2.880200000000000000e+04 2.657300000000000000e+04
5.471800000000000000e+04 1.320000000000000000e+04
1.602800000000000000e+04 5.592900000000000000e+04
5.748600000000000000e+04 5.179900000000000000e+04
4.461200000000000000e+04 2.492600000000000000e+04
9.897000000000000000e+03 2.849000000000000000e+04
3.795800000000000000e+04 4.744600000000000000e+04
9.852000000000000000e+03 5.830600000000000000e+04
1.038200000000000000e+04 1.790300000000000000e+04
2.966100000000000000e+04 1.076300000000000000e+04
3.575700000000000000e+04 5.715400000000000000e+04
5.356000000000000000e+04 4.348700000000000000e+04
4.505000000000000000e+03 4.225700000000000000e+04
4.235100000000000000e+04 2.878500000000000000e+04
5.937400000000000000e+04 4.450700000000000000e+04
2.841100000000000000e+04 5.653700000000000000e+04
4.245700000000000000e+04 6.776000000000000000e+03
6.621000000000000000e+03 1.077600000000000000e+04
4.323700000000000000e+04 5.482300000000000000e+04
2.259300000000000000e+04 4.528900000000000000e+04
1.677700000000000000e+04 2.535900000000000000e+04
6.109900000000000000e+04 2.908300000000000000e+04
3.863300000000000000e+04 4.493600000000000000e+04
9.095000000000000000e+03 5.017500000000000000e+04
6.105000000000000000e+04 1.889500000000000000e+04
2.573300000000000000e+04 1.431500000000000000e+04
3.731100000000000000e+04 3.751700000000000000e+04
1.329000000000000000e+04 3.638000000000000000e+03
1.706500000000000000e+04 3.679000000000000000e+04
1.783000000000000000e+04 3.729800000000000000e+04
1.091400000000000000e+04 4.315000000000000000e+03
5.695100000000000000e+04 6.009100000000000000e+04
3.011700000000000000e+04 2.343300000000000000e+04
5.577800000000000000e+04 1.371600000000000000e+04
1.672700000000000000e+04 5.514900000000000000e+04
4.574800000000000000e+04 4.537300000000000000e+04
5.188800000000000000e+04 2.273100000000000000e+04
5.621000000000000000e+03 2.182700000000000000e+04
3.145100000000000000e+04 4.472800000000000000e+04
1.103600000000000000e+04 5.905300000000000000e+04
8.157000000000000000e+03 1.523700000000000000e+04
3.462600000000000000e+04 8.320000000000000000e+03
3.253900000000000000e+04 5.834200000000000000e+04
5.039300000000000000e+04 5.075800000000000000e+04
4.288700000000000000e+04 3.569300000000000000e+04
1.254500000000000000e+04 3.867400000000000000e+04
3.990300000000000000e+04 1.645900000000000000e+04
3.487500000000000000e+04 5.838800000000000000e+04
3.051600000000000000e+04 6.785000000000000000e+03
5.972600000000000000e+04 7.916000000000000000e+03
3.632000000000000000e+03 5.307400000000000000e+04
3.610400000000000000e+04 4.485800000000000000e+04
5.910100000000000000e+04 2.856100000000000000e+04
4.225300000000000000e+04 2.907600000000000000e+04
6.115700000000000000e+04 4.532100000000000000e+04
1.915800000000000000e+04 5.903100000000000000e+04
4.715600000000000000e+04 1.012300000000000000e+04
2.502900000000000000e+04 2.812500000000000000e+04
5.689200000000000000e+04 3.674900000000000000e+04
1.538300000000000000e+04 1.265700000000000000e+04
4.603500000000000000e+04 5.923700000000000000e+04
4.746800000000000000e+04 5.891600000000000000e+04
1.676300000000000000e+04 1.548200000000000000e+04
2.110500000000000000e+04 4.533100000000000000e+04
1.423800000000000000e+04 2.714000000000000000e+04
4.917100000000000000e+04 1.027800000000000000e+04
1.876700000000000000e+04 6.098500000000000000e+04
5.982300000000000000e+04 4.418500000000000000e+04
3.961400000000000000e+04 3.078400000000000000e+04
6.082000000000000000e+04 2.777700000000000000e+04
3.600600000000000000e+04 4.453300000000000000e+04
4.671000000000000000e+03 5.380700000000000000e+04
5.992800000000000000e+04 9.972000000000000000e+03
2.739100000000000000e+04 1.432000000000000000e+04
3.504500000000000000e+04 3.521200000000000000e+04
3.936600000000000000e+04 2.063200000000000000e+04
1.043000000000000000e+04 3.772700000000000000e+04
4.127300000000000000e+04 3.727000000000000000e+04
5.328800000000000000e+04 4.857700000000000000e+04
3.091800000000000000e+04 5.996100000000000000e+04
3.716700000000000000e+04 8.256000000000000000e+03
1.083600000000000000e+04 1.805100000000000000e+04
9.620000000000000000e+03 6.221500000000000000e+04
3.015000000000000000e+04 4.551400000000000000e+04
1.167000000000000000e+03 2.376200000000000000e+04
5.101900000000000000e+04 2.224400000000000000e+04
4.196700000000000000e+04 4.674000000000000000e+04
1.743600000000000000e+04 5.391000000000000000e+04
5.713000000000000000e+04 1.398700000000000000e+04
2.977700000000000000e+04 1.923200000000000000e+04
5.727000000000000000e+04 5.839300000000000000e+04
1.903600000000000000e+04 6.574000000000000000e+03
1.356200000000000000e+04 4.169000000000000000e+04
1.620000000000000000e+04 3.757700000000000000e+04
1.390900000000000000e+04 4.431000000000000000e+03
3.522100000000000000e+04 3.674000000000000000e+04
2.473300000000000000e+04 1.573100000000000000e+04
6.023900000000000000e+04 1.823400000000000000e+04
1.089300000000000000e+04 4.908900000000000000e+04
4.522200000000000000e+04 4.470400000000000000e+04
5.246400000000000000e+04 2.433100000000000000e+04
1.729900000000000000e+04 2.410400000000000000e+04
2.408900000000000000e+04 4.567000000000000000e+04
3.997500000000000000e+04 5.609700000000000000e+04
8.782000000000000000e+03 1.244900000000000000e+04
4.205500000000000000e+04 5.972000000000000000e+03
2.767000000000000000e+04 5.608600000000000000e+04
4.809300000000000000e+04 4.884700000000000000e+04
4.613400000000000000e+04 3.521700000000000000e+04
7.987000000000000000e+03 4.021600000000000000e+04
5.384400000000000000e+04 4.427100000000000000e+04
3.807700000000000000e+04 5.862700000000000000e+04
3.077300000000000000e+04 7.610000000000000000e+03
6.002900000000000000e+04 9.594000000000000000e+03
3.571000000000000000e+03 5.310100000000000000e+04
3.522700000000000000e+04 5.059500000000000000e+04
8.217000000000000000e+03 2.968200000000000000e+04
4.419500000000000000e+04 2.466200000000000000e+04
6.151200000000000000e+04 5.277600000000000000e+04
1.968500000000000000e+04 6.017800000000000000e+04
4.664300000000000000e+04 9.287000000000000000e+03
2.704000000000000000e+04 2.803100000000000000e+04
5.568200000000000000e+04 3.491500000000000000e+04
1.739500000000000000e+04 8.832000000000000000e+03
1.497300000000000000e+04 4.521300000000000000e+04
4.461500000000000000e+04 5.763500000000000000e+04
1.725500000000000000e+04 1.310400000000000000e+04
5.607600000000000000e+04 3.570200000000000000e+04
2.269700000000000000e+04 2.875300000000000000e+04
4.599000000000000000e+04 1.001400000000000000e+04
1.905000000000000000e+04 6.002000000000000000e+04
6.098700000000000000e+04 4.840100000000000000e+04
4.198100000000000000e+04 2.989300000000000000e+04
1.083600000000000000e+04 2.822200000000000000e+04
3.267800000000000000e+04 4.961600000000000000e+04
4.525000000000000000e+03 5.473900000000000000e+04
5.978000000000000000e+04 9.807000000000000000e+03
2.980000000000000000e+04 9.556000000000000000e+03
3.754500000000000000e+04 5.889300000000000000e+04
4.024400000000000000e+04 1.610800000000000000e+04
9.576000000000000000e+03 3.677200000000000000e+04
4.419700000000000000e+04 3.734000000000000000e+04
5.067600000000000000e+04 4.788200000000000000e+04
3.147000000000000000e+04 5.992300000000000000e+04
3.645000000000000000e+04 8.494000000000000000e+03
5.380000000000000000e+03 1.234400000000000000e+04
4.453800000000000000e+04 5.431900000000000000e+04
3.173400000000000000e+04 4.629300000000000000e+04
3.978000000000000000e+03 2.321700000000000000e+04
5.191900000000000000e+04 2.254600000000000000e+04
4.180900000000000000e+04 4.617700000000000000e+04
1.071000000000000000e+04 5.049200000000000000e+04
5.821500000000000000e+04 1.649800000000000000e+04
2.817300000000000000e+04 2.382400000000000000e+04
5.864300000000000000e+04 6.254400000000000000e+04
1.416700000000000000e+04 2.598000000000000000e+03
1.337300000000000000e+04 3.756100000000000000e+04
1.423800000000000000e+04 4.430700000000000000e+04
2.027600000000000000e+04 9.307000000000000000e+03
5.890100000000000000e+04 6.011400000000000000e+04
2.909200000000000000e+04 2.007200000000000000e+04
5.418000000000000000e+04 1.412700000000000000e+04
1.756600000000000000e+04 5.724500000000000000e+04
5.944700000000000000e+04 5.135500000000000000e+04
4.488200000000000000e+04 2.847700000000000000e+04
1.009900000000000000e+04 3.169700000000000000e+04
3.582900000000000000e+04 5.142000000000000000e+04
1.109600000000000000e+04 5.711700000000000000e+04
9.658000000000000000e+03 1.840100000000000000e+04
3.984000000000000000e+04 7.808000000000000000e+03
3.022700000000000000e+04 6.075000000000000000e+04
5.234400000000000000e+04 4.554000000000000000e+04
3.633000000000000000e+03 4.213200000000000000e+04
1.043600000000000000e+04 3.875600000000000000e+04
3.741600000000000000e+04 2.031100000000000000e+04
3.575100000000000000e+04 3.687300000000000000e+04
2.788800000000000000e+04 1.652000000000000000e+04
6.019600000000000000e+04 1.709500000000000000e+04
1.032500000000000000e+04 5.027100000000000000e+04
3.837000000000000000e+04 4.359000000000000000e+04
5.968400000000000000e+04 2.594900000000000000e+04
4.213900000000000000e+04 2.982800000000000000e+04
6.057100000000000000e+04 4.611200000000000000e+04
2.644000000000000000e+04 5.626900000000000000e+04
4.257900000000000000e+04 7.120000000000000000e+03
1.510200000000000000e+04 2.541400000000000000e+04
2.233500000000000000e+04 4.458100000000000000e+04
6.201000000000000000e+03 9.666000000000000000e+03
4.358600000000000000e+04 5.214700000000000000e+04
4.760000000000000000e+04 5.900500000000000000e+04
1.663200000000000000e+04 1.179400000000000000e+04
2.448000000000000000e+04 4.420000000000000000e+04
1.741000000000000000e+04 2.522700000000000000e+04
4.402800000000000000e+04 2.369000000000000000e+03
2.758700000000000000e+04 5.739100000000000000e+04
5.921700000000000000e+04 4.765100000000000000e+04
3.969400000000000000e+04 2.796200000000000000e+04
6.007300000000000000e+04 2.525000000000000000e+04
3.789800000000000000e+04 4.226400000000000000e+04
9.337000000000000000e+03 5.140800000000000000e+04
6.003600000000000000e+04 1.778000000000000000e+04
2.668800000000000000e+04 1.520900000000000000e+04
3.692200000000000000e+04 3.843000000000000000e+04
3.867100000000000000e+04 1.764000000000000000e+04
8.151000000000000000e+03 3.783800000000000000e+04
4.713000000000000000e+03 4.004100000000000000e+04
5.463600000000000000e+04 4.046600000000000000e+04
2.803600000000000000e+04 6.055700000000000000e+04
3.669800000000000000e+04 9.425000000000000000e+03
9.333000000000000000e+03 1.541900000000000000e+04
8.809000000000000000e+03 5.827100000000000000e+04
3.605900000000000000e+04 4.952200000000000000e+04
9.807000000000000000e+03 3.051500000000000000e+04
4.715700000000000000e+04 2.546700000000000000e+04
5.983800000000000000e+04 5.074000000000000000e+04
1.663700000000000000e+04 5.571800000000000000e+04
5.344100000000000000e+04 1.242500000000000000e+04
3.174400000000000000e+04 1.996700000000000000e+04
5.868500000000000000e+04 6.132200000000000000e+04
2.040800000000000000e+04 8.223000000000000000e+03
1.739900000000000000e+04 4.521800000000000000e+04
1.750200000000000000e+04 3.664800000000000000e+04
1.383800000000000000e+04 5.709000000000000000e+03
6.017200000000000000e+04 5.715200000000000000e+04
2.938500000000000000e+04 2.241300000000000000e+04
5.809100000000000000e+04 1.774400000000000000e+04
1.134600000000000000e+04 4.995700000000000000e+04
4.139300000000000000e+04 4.792300000000000000e+04
5.145600000000000000e+04 2.244500000000000000e+04
7.090000000000000000e+03 2.438100000000000000e+04
3.164500000000000000e+04 4.720800000000000000e+04
4.345000000000000000e+04 5.466300000000000000e+04
8.805000000000000000e+03 7.538000000000000000e+03
3.586500000000000000e+04 8.202000000000000000e+03
2.875100000000000000e+04 5.836000000000000000e+04
5.018400000000000000e+04 4.945800000000000000e+04
4.286000000000000000e+04 3.223000000000000000e+04
7.124000000000000000e+03 3.686700000000000000e+04
3.773600000000000000e+04 1.920900000000000000e+04
3.860800000000000000e+04 5.746500000000000000e+04
3.094200000000000000e+04 7.732000000000000000e+03
5.984900000000000000e+04 8.734000000000000000e+03
4.122000000000000000e+03 5.334200000000000000e+04
3.303100000000000000e+04 4.983900000000000000e+04
1.089200000000000000e+04 2.820900000000000000e+04
4.541900000000000000e+04 2.696700000000000000e+04
5.785200000000000000e+04 5.363900000000000000e+04
2.052800000000000000e+04 6.015200000000000000e+04
4.901800000000000000e+04 8.328000000000000000e+03
2.631900000000000000e+04 2.553200000000000000e+04
5.767600000000000000e+04 3.227100000000000000e+04
1.705900000000000000e+04 1.299400000000000000e+04
4.635300000000000000e+04 5.900300000000000000e+04
1.406700000000000000e+04 4.480600000000000000e+04
1.926000000000000000e+04 7.370000000000000000e+03
5.743000000000000000e+04 3.417300000000000000e+04
2.491600000000000000e+04 2.831400000000000000e+04
4.602500000000000000e+04 1.267800000000000000e+04
1.962800000000000000e+04 6.151100000000000000e+04
6.034300000000000000e+04 5.219000000000000000e+04
4.483700000000000000e+04 2.561700000000000000e+04
7.254000000000000000e+03 3.009400000000000000e+04
3.644300000000000000e+04 5.166000000000000000e+04
1.016200000000000000e+04 5.694000000000000000e+04
9.923000000000000000e+03 1.473500000000000000e+04
3.143500000000000000e+04 7.497000000000000000e+03
3.512800000000000000e+04 5.695100000000000000e+04
5.637000000000000000e+04 4.019100000000000000e+04
6.958000000000000000e+03 4.258400000000000000e+04
4.224900000000000000e+04 3.511300000000000000e+04
5.154600000000000000e+04 4.968000000000000000e+04
2.728800000000000000e+04 5.611200000000000000e+04
4.259900000000000000e+04 5.610000000000000000e+03
1.030100000000000000e+04 1.171800000000000000e+04
4.304900000000000000e+04 5.425700000000000000e+04
2.285700000000000000e+04 4.491300000000000000e+04
1.688400000000000000e+04 2.423600000000000000e+04
5.069100000000000000e+04 2.329100000000000000e+04
4.764900000000000000e+04 4.460800000000000000e+04
8.412000000000000000e+03 5.001600000000000000e+04
6.372200000000000000e+04 1.959900000000000000e+04
2.671400000000000000e+04 1.863600000000000000e+04
3.526900000000000000e+04 3.577000000000000000e+04
1.275400000000000000e+04 5.087000000000000000e+03
1.464800000000000000e+04 3.733000000000000000e+04
1.343100000000000000e+04 4.347100000000000000e+04
2.075400000000000000e+04 6.717000000000000000e+03
5.596300000000000000e+04 5.872700000000000000e+04
3.165600000000000000e+04 2.135400000000000000e+04
5.353700000000000000e+04 1.461900000000000000e+04
1.722000000000000000e+04 5.372200000000000000e+04
4.360100000000000000e+04 4.691900000000000000e+04
5.321200000000000000e+04 2.349500000000000000e+04
4.592000000000000000e+03 2.583100000000000000e+04
3.040600000000000000e+04 4.222100000000000000e+04
1.100500000000000000e+04 5.984800000000000000e+04
8.687000000000000000e+03 1.842200000000000000e+04
3.872100000000000000e+04 6.651000000000000000e+03
3.049900000000000000e+04 6.155800000000000000e+04
5.390200000000000000e+04 4.966500000000000000e+04
4.276800000000000000e+04 3.479100000000000000e+04
9.835000000000000000e+03 4.076900000000000000e+04
3.851500000000000000e+04 1.941000000000000000e+04
3.593700000000000000e+04 5.840500000000000000e+04
2.995600000000000000e+04 9.586000000000000000e+03
5.949200000000000000e+04 8.109000000000000000e+03
2.895000000000000000e+03 5.348600000000000000e+04
3.599000000000000000e+04 4.431200000000000000e+04
6.016400000000000000e+04 2.589300000000000000e+04
3.774100000000000000e+04 2.786900000000000000e+04
5.979500000000000000e+04 4.448900000000000000e+04
2.162800000000000000e+04 6.044900000000000000e+04
4.831400000000000000e+04 9.819000000000000000e+03
1.791400000000000000e+04 2.488500000000000000e+04
2.712000000000000000e+04 4.638600000000000000e+04
1.511900000000000000e+04 1.414900000000000000e+04
4.694900000000000000e+04 5.745400000000000000e+04
4.604600000000000000e+04 5.897700000000000000e+04
1.640400000000000000e+04 1.169700000000000000e+04
5.801500000000000000e+04 3.303000000000000000e+04
2.453300000000000000e+04 2.892700000000000000e+04
4.765500000000000000e+04 1.021600000000000000e+04
1.952200000000000000e+04 6.301600000000000000e+04
5.943100000000000000e+04 4.635500000000000000e+04
3.741700000000000000e+04 2.849100000000000000e+04
6.028400000000000000e+04 2.318600000000000000e+04
3.971700000000000000e+04 4.576800000000000000e+04
3.471000000000000000e+03 5.449800000000000000e+04
6.042200000000000000e+04 8.949000000000000000e+03
2.812900000000000000e+04 1.130400000000000000e+04
3.878400000000000000e+04 5.834700000000000000e+04
3.607500000000000000e+04 1.673900000000000000e+04
1.161600000000000000e+04 3.883300000000000000e+04
4.299800000000000000e+04 3.281300000000000000e+04
5.308200000000000000e+04 4.877900000000000000e+04
2.731400000000000000e+04 5.932700000000000000e+04
3.856100000000000000e+04 1.023300000000000000e+04
6.920000000000000000e+03 9.232000000000000000e+03
4.550900000000000000e+04 5.419200000000000000e+04
2.930600000000000000e+04 4.571000000000000000e+04
5.676000000000000000e+03 2.453200000000000000e+04
5.107500000000000000e+04 2.164400000000000000e+04
4.490600000000000000e+04 4.436700000000000000e+04
1.683800000000000000e+04 5.516000000000000000e+04
5.540200000000000000e+04 1.191400000000000000e+04
2.892100000000000000e+04 2.039700000000000000e+04
5.747400000000000000e+04 6.159200000000000000e+04
1.501400000000000000e+04 5.419000000000000000e+03
1.453500000000000000e+04 3.811100000000000000e+04
1.535600000000000000e+04 3.701200000000000000e+04
1.461200000000000000e+04 3.233000000000000000e+03
3.563800000000000000e+04 3.284800000000000000e+04
2.588700000000000000e+04 1.703900000000000000e+04
6.125500000000000000e+04 1.745500000000000000e+04
1.050000000000000000e+04 5.166400000000000000e+04
3.919800000000000000e+04 4.487600000000000000e+04
5.915500000000000000e+04 2.703500000000000000e+04
1.691500000000000000e+04 2.474700000000000000e+04
2.045900000000000000e+04 4.522100000000000000e+04
4.472100000000000000e+04 5.783100000000000000e+04
7.441000000000000000e+03 1.227200000000000000e+04
4.223800000000000000e+04 4.564000000000000000e+03
2.616000000000000000e+04 5.732800000000000000e+04
5.867100000000000000e+04 4.518300000000000000e+04
4.129900000000000000e+04 2.988300000000000000e+04
4.279000000000000000e+03 4.059900000000000000e+04
5.437200000000000000e+04 4.212500000000000000e+04
3.448300000000000000e+04 5.732600000000000000e+04
2.906300000000000000e+04 8.954000000000000000e+03
1.098700000000000000e+04 1.597100000000000000e+04
9.987000000000000000e+03 5.958800000000000000e+04
3.430900000000000000e+04 5.042100000000000000e+04
1.073500000000000000e+04 2.974300000000000000e+04
4.553200000000000000e+04 2.403400000000000000e+04
5.870200000000000000e+04 5.111200000000000000e+04
1.943900000000000000e+04 5.360000000000000000e+04
5.765000000000000000e+04 1.397500000000000000e+04
2.516600000000000000e+04 2.744300000000000000e+04
6.054000000000000000e+04 3.410300000000000000e+04
2.003100000000000000e+04 5.098000000000000000e+03
1.500400000000000000e+04 4.230700000000000000e+04
4.736900000000000000e+04 5.961300000000000000e+04
1.681900000000000000e+04 1.733000000000000000e+04
5.198500000000000000e+04 3.433700000000000000e+04
2.502000000000000000e+04 2.673500000000000000e+04
4.814300000000000000e+04 1.022900000000000000e+04
1.904100000000000000e+04 6.159300000000000000e+04
5.659300000000000000e+04 5.108800000000000000e+04
4.765000000000000000e+04 2.804100000000000000e+04
9.142000000000000000e+03 2.919100000000000000e+04
3.470900000000000000e+04 4.918300000000000000e+04
2.580000000000000000e+03 5.566300000000000000e+04
5.885900000000000000e+04 7.315000000000000000e+03
2.943500000000000000e+04 8.909000000000000000e+03
3.701300000000000000e+04 6.113800000000000000e+04
5.375100000000000000e+04 4.232600000000000000e+04
8.515000000000000000e+03 4.190500000000000000e+04
4.203700000000000000e+04 3.579400000000000000e+04
5.149600000000000000e+04 4.658800000000000000e+04
2.615100000000000000e+04 5.593100000000000000e+04
4.401800000000000000e+04 2.659000000000000000e+03
8.346000000000000000e+03 1.366900000000000000e+04
4.431500000000000000e+04 5.413300000000000000e+04
3.420100000000000000e+04 4.557900000000000000e+04
5.851000000000000000e+03 2.393800000000000000e+04
5.415900000000000000e+04 2.479600000000000000e+04
4.375900000000000000e+04 4.703800000000000000e+04
1.055800000000000000e+04 5.050900000000000000e+04
6.154000000000000000e+04 1.720600000000000000e+04
2.869400000000000000e+04 1.482200000000000000e+04
3.672900000000000000e+04 3.667000000000000000e+04
1.370000000000000000e+04 8.485000000000000000e+03
1.633300000000000000e+04 3.772100000000000000e+04
1.431200000000000000e+04 4.388500000000000000e+04
2.213000000000000000e+04 8.771000000000000000e+03
5.702100000000000000e+04 5.952900000000000000e+04
3.155500000000000000e+04 2.167600000000000000e+04
5.289900000000000000e+04 1.704400000000000000e+04
1.690100000000000000e+04 5.381600000000000000e+04
4.541900000000000000e+04 4.592700000000000000e+04
4.999500000000000000e+04 2.251400000000000000e+04
4.978000000000000000e+03 2.289600000000000000e+04
3.173700000000000000e+04 4.322900000000000000e+04
1.072000000000000000e+04 6.247300000000000000e+04
9.592000000000000000e+03 1.792000000000000000e+04
3.684800000000000000e+04 7.954000000000000000e+03
2.836900000000000000e+04 6.232700000000000000e+04
5.435600000000000000e+04 4.247900000000000000e+04
6.102000000000000000e+03 4.297000000000000000e+04
9.969000000000000000e+03 3.851000000000000000e+04
3.875900000000000000e+04 1.732600000000000000e+04
3.679200000000000000e+04 3.641800000000000000e+04
2.841200000000000000e+04 1.599800000000000000e+04
5.959800000000000000e+04 8.290000000000000000e+03
2.946000000000000000e+03 5.351900000000000000e+04
3.713900000000000000e+04 4.647300000000000000e+04
5.802900000000000000e+04 2.882400000000000000e+04
4.259900000000000000e+04 3.130600000000000000e+04
5.881300000000000000e+04 4.799000000000000000e+04
2.317200000000000000e+04 5.690200000000000000e+04
4.241200000000000000e+04 3.916000000000000000e+03
1.734300000000000000e+04 2.703200000000000000e+04
2.265000000000000000e+04 4.459900000000000000e+04
1.649400000000000000e+04 1.439000000000000000e+04
4.681600000000000000e+04 5.942400000000000000e+04
4.843400000000000000e+04 5.961400000000000000e+04
1.748100000000000000e+04 1.354000000000000000e+04
2.269200000000000000e+04 4.664500000000000000e+04
1.698100000000000000e+04 2.579100000000000000e+04
4.148000000000000000e+04 2.834000000000000000e+03
2.534300000000000000e+04 5.467400000000000000e+04
5.999800000000000000e+04 4.691200000000000000e+04
3.878400000000000000e+04 2.922900000000000000e+04
5.930100000000000000e+04 2.612200000000000000e+04
3.716800000000000000e+04 4.290200000000000000e+04
6.812000000000000000e+03 5.058800000000000000e+04
6.083100000000000000e+04 1.732600000000000000e+04
2.476800000000000000e+04 1.482600000000000000e+04
3.373600000000000000e+04 3.649700000000000000e+04
3.993500000000000000e+04 1.893400000000000000e+04
9.610000000000000000e+03 3.968900000000000000e+04
8.422000000000000000e+03 4.325000000000000000e+04
5.398900000000000000e+04 4.237200000000000000e+04
2.819500000000000000e+04 6.120500000000000000e+04
3.436800000000000000e+04 9.935000000000000000e+03
1.011800000000000000e+04 1.626000000000000000e+04
1.227800000000000000e+04 5.790200000000000000e+04
3.171300000000000000e+04 4.246400000000000000e+04
3.190000000000000000e+03 2.476000000000000000e+04
4.739900000000000000e+04 2.733300000000000000e+04
5.953300000000000000e+04 5.102300000000000000e+04
1.739600000000000000e+04 5.743300000000000000e+04
5.649500000000000000e+04 1.116300000000000000e+04
3.116600000000000000e+04 2.180100000000000000e+04
6.018600000000000000e+04 5.905300000000000000e+04
2.139100000000000000e+04 7.486000000000000000e+03
1.492000000000000000e+04 4.266300000000000000e+04
