200 2
2.327200000000000000e+04 4.563300000000000000e+04
4.492000000000000000e+03 5.675400000000000000e+04
6.131400000000000000e+04 5.111000000000000000e+04
2.861600000000000000e+04 5.941600000000000000e+04
1.924200000000000000e+04 6.179700000000000000e+04
3.709400000000000000e+04 4.411900000000000000e+04
5.397300000000000000e+04 4.411200000000000000e+04
6.095500000000000000e+04 5.789600000000000000e+04
3.657500000000000000e+04 5.848300000000000000e+04
6.395700000000000000e+04 4.775300000000000000e+04
2.958100000000000000e+04 4.426800000000000000e+04
1.148000000000000000e+04 5.060400000000000000e+04
2.501400000000000000e+04 5.605500000000000000e+04
4.192700000000000000e+04 4.854300000000000000e+04
1.099300000000000000e+04 5.991000000000000000e+04
5.869000000000000000e+04 3.861900000000000000e+04
5.781200000000000000e+04 6.192300000000000000e+04
5.564500000000000000e+04 4.336300000000000000e+04
3.963000000000000000e+04 4.524600000000000000e+04
2.076500000000000000e+04 6.070900000000000000e+04
8.524000000000000000e+03 5.070800000000000000e+04
3.204900000000000000e+04 4.781900000000000000e+04
6.012900000000000000e+04 4.616100000000000000e+04
3.428900000000000000e+04 5.668400000000000000e+04
3.617200000000000000e+04 3.580600000000000000e+04
5.083500000000000000e+04 5.009900000000000000e+04
3.619500000000000000e+04 5.160600000000000000e+04
1.826100000000000000e+04 5.307200000000000000e+04
2.911600000000000000e+04 5.911900000000000000e+04
5.813400000000000000e+04 5.187700000000000000e+04
6.752000000000000000e+03 5.490300000000000000e+04
2.569300000000000000e+04 4.623200000000000000e+04
5.842700000000000000e+04 3.268300000000000000e+04
1.466500000000000000e+04 6.043600000000000000e+04
4.290400000000000000e+04 4.478500000000000000e+04
2.617200000000000000e+04 5.521500000000000000e+04
1.499500000000000000e+04 5.588900000000000000e+04
3.655200000000000000e+04 5.165500000000000000e+04
5.324200000000000000e+04 5.147300000000000000e+04
3.580800000000000000e+04 3.637600000000000000e+04
3.030400000000000000e+04 6.114100000000000000e+04
5.860400000000000000e+04 5.433600000000000000e+04
2.344100000000000000e+04 4.588600000000000000e+04
4.927000000000000000e+03 5.270100000000000000e+04
2.078400000000000000e+04 6.093500000000000000e+04
4.049200000000000000e+04 4.776100000000000000e+04
5.674900000000000000e+04 4.552900000000000000e+04
5.879700000000000000e+04 5.837700000000000000e+04
5.760300000000000000e+04 3.402900000000000000e+04
1.020000000000000000e+04 6.216600000000000000e+04
4.578600000000000000e+04 4.658000000000000000e+04
2.598500000000000000e+04 5.779500000000000000e+04
1.279100000000000000e+04 5.042600000000000000e+04
3.180200000000000000e+04 4.747600000000000000e+04
6.125800000000000000e+04 4.606400000000000000e+04
3.756600000000000000e+04 5.945600000000000000e+04
3.651500000000000000e+04 3.635600000000000000e+04
5.210300000000000000e+04 4.920400000000000000e+04
3.345300000000000000e+04 5.048500000000000000e+04
1.390900000000000000e+04 5.333700000000000000e+04
3.006800000000000000e+04 6.224500000000000000e+04
6.127200000000000000e+04 5.241000000000000000e+04
4.159000000000000000e+03 5.403500000000000000e+04
2.359400000000000000e+04 4.595000000000000000e+04
2.091400000000000000e+04 4.409100000000000000e+04
4.084000000000000000e+03 5.484300000000000000e+04
5.904500000000000000e+04 5.270600000000000000e+04
3.121500000000000000e+04 5.984800000000000000e+04
1.466500000000000000e+04 5.339300000000000000e+04
3.616300000000000000e+04 5.303100000000000000e+04
4.968500000000000000e+04 4.860500000000000000e+04
3.509100000000000000e+04 3.564100000000000000e+04
3.459600000000000000e+04 5.976500000000000000e+04
6.298200000000000000e+04 4.531400000000000000e+04
3.111900000000000000e+04 4.605500000000000000e+04
1.187600000000000000e+04 5.002300000000000000e+04
2.038400000000000000e+04 6.243700000000000000e+04
3.685900000000000000e+04 4.283200000000000000e+04
5.445900000000000000e+04 4.396400000000000000e+04
5.944900000000000000e+04 6.212100000000000000e+04
6.165400000000000000e+04 6.145000000000000000e+04
5.534600000000000000e+04 4.098700000000000000e+04
3.754200000000000000e+04 4.660000000000000000e+04
1.954500000000000000e+04 6.083400000000000000e+04
2.847000000000000000e+03 5.430500000000000000e+04
2.355400000000000000e+04 4.586300000000000000e+04
6.144200000000000000e+04 5.179200000000000000e+04
2.839200000000000000e+04 6.134600000000000000e+04
3.585100000000000000e+04 3.914200000000000000e+04
5.211000000000000000e+04 4.867900000000000000e+04
3.652200000000000000e+04 5.016400000000000000e+04
1.979800000000000000e+04 5.284500000000000000e+04
2.587300000000000000e+04 5.967800000000000000e+04
4.467700000000000000e+04 4.792100000000000000e+04
8.908000000000000000e+03 5.902900000000000000e+04
5.614300000000000000e+04 3.565800000000000000e+04
5.438100000000000000e+04 3.682000000000000000e+04
1.093900000000000000e+04 5.834600000000000000e+04
4.488200000000000000e+04 4.724500000000000000e+04
2.718100000000000000e+04 5.491900000000000000e+04
1.661200000000000000e+04 5.381600000000000000e+04
3.489300000000000000e+04 5.001100000000000000e+04
5.024400000000000000e+04 4.847700000000000000e+04
3.739600000000000000e+04 3.892400000000000000e+04
3.514100000000000000e+04 6.057100000000000000e+04
6.119000000000000000e+04 4.706600000000000000e+04
2.989900000000000000e+04 4.574800000000000000e+04
9.443000000000000000e+03 5.207500000000000000e+04
1.929000000000000000e+04 6.074700000000000000e+04
3.838500000000000000e+04 4.280900000000000000e+04
5.358200000000000000e+04 4.091600000000000000e+04
5.770600000000000000e+04 5.648100000000000000e+04
5.649000000000000000e+04 3.503400000000000000e+04
1.143600000000000000e+04 5.945200000000000000e+04
4.575400000000000000e+04 4.681700000000000000e+04
2.793700000000000000e+04 5.813800000000000000e+04
9.706000000000000000e+03 4.839900000000000000e+04
3.056100000000000000e+04 4.626400000000000000e+04
5.998800000000000000e+04 4.826800000000000000e+04
3.670900000000000000e+04 5.686800000000000000e+04
3.596700000000000000e+04 3.667300000000000000e+04
5.054500000000000000e+04 4.934300000000000000e+04
3.603500000000000000e+04 4.944600000000000000e+04
1.914300000000000000e+04 5.328400000000000000e+04
3.141300000000000000e+04 6.051100000000000000e+04
5.843200000000000000e+04 5.232800000000000000e+04
6.046000000000000000e+03 5.549700000000000000e+04
2.478800000000000000e+04 4.477100000000000000e+04
2.333800000000000000e+04 4.690200000000000000e+04
5.755000000000000000e+03 5.362700000000000000e+04
6.345700000000000000e+04 5.260000000000000000e+04
3.088700000000000000e+04 6.236000000000000000e+04
1.616600000000000000e+04 5.383600000000000000e+04
3.656800000000000000e+04 5.253900000000000000e+04
5.460200000000000000e+04 5.030900000000000000e+04
3.779700000000000000e+04 3.627800000000000000e+04
3.553400000000000000e+04 6.021400000000000000e+04
6.013500000000000000e+04 4.659200000000000000e+04
3.079300000000000000e+04 4.276600000000000000e+04
1.040100000000000000e+04 5.309000000000000000e+04
2.591600000000000000e+04 5.410600000000000000e+04
4.369000000000000000e+04 4.466900000000000000e+04
1.113400000000000000e+04 6.062700000000000000e+04
5.828000000000000000e+04 3.507700000000000000e+04
5.926900000000000000e+04 5.999200000000000000e+04
5.603600000000000000e+04 4.210200000000000000e+04
3.669200000000000000e+04 4.315700000000000000e+04
1.684600000000000000e+04 6.261300000000000000e+04
9.837000000000000000e+03 5.001100000000000000e+04
3.157300000000000000e+04 4.580400000000000000e+04
6.070700000000000000e+04 4.605800000000000000e+04
3.961100000000000000e+04 5.674100000000000000e+04
3.434900000000000000e+04 3.712500000000000000e+04
5.239300000000000000e+04 4.948600000000000000e+04
3.462200000000000000e+04 5.196200000000000000e+04
1.743100000000000000e+04 5.442000000000000000e+04
2.654200000000000000e+04 5.729700000000000000e+04
4.416300000000000000e+04 4.752600000000000000e+04
6.693000000000000000e+03 6.043000000000000000e+04
5.680900000000000000e+04 3.629700000000000000e+04
5.661800000000000000e+04 3.543600000000000000e+04
1.163100000000000000e+04 5.971400000000000000e+04
4.530800000000000000e+04 4.517300000000000000e+04
2.542500000000000000e+04 5.715100000000000000e+04
1.076600000000000000e+04 5.158500000000000000e+04
2.932800000000000000e+04 4.446700000000000000e+04
6.002500000000000000e+04 5.054000000000000000e+04
3.639800000000000000e+04 5.916500000000000000e+04
3.005000000000000000e+04 6.021800000000000000e+04
5.797800000000000000e+04 5.297500000000000000e+04
2.348700000000000000e+04 4.255700000000000000e+04
2.916000000000000000e+03 5.418000000000000000e+04
2.107200000000000000e+04 6.359700000000000000e+04
3.645100000000000000e+04 4.488500000000000000e+04
5.435300000000000000e+04 4.245300000000000000e+04
5.816700000000000000e+04 5.773700000000000000e+04
6.074300000000000000e+04 5.820600000000000000e+04
5.566500000000000000e+04 4.410000000000000000e+04
3.984600000000000000e+04 4.435900000000000000e+04
2.189900000000000000e+04 6.123700000000000000e+04
1.243600000000000000e+04 4.881600000000000000e+04
3.002600000000000000e+04 4.568200000000000000e+04
6.057300000000000000e+04 4.506400000000000000e+04
3.494500000000000000e+04 5.775700000000000000e+04
3.906300000000000000e+04 3.571700000000000000e+04
5.084300000000000000e+04 4.983600000000000000e+04
3.640000000000000000e+04 4.992800000000000000e+04
1.690500000000000000e+04 5.516900000000000000e+04
3.299700000000000000e+04 5.965500000000000000e+04
5.989800000000000000e+04 5.124500000000000000e+04
4.222000000000000000e+03 5.739200000000000000e+04
2.746300000000000000e+04 4.698600000000000000e+04
2.327700000000000000e+04 4.468800000000000000e+04
7.700000000000000000e+03 5.498800000000000000e+04
6.325600000000000000e+04 5.331900000000000000e+04
3.014500000000000000e+04 5.944700000000000000e+04
1.757300000000000000e+04 5.637600000000000000e+04
3.651000000000000000e+04 5.024000000000000000e+04
5.474800000000000000e+04 4.743500000000000000e+04
3.572100000000000000e+04 3.622900000000000000e+04
