200 2
4.196500000000000000e+04 5.618300000000000000e+04
8.270000000000000000e+03 1.283900000000000000e+04
2.211600000000000000e+04 4.708900000000000000e+04
1.798000000000000000e+04 2.526000000000000000e+04
4.336800000000000000e+04 5.905000000000000000e+03
2.564600000000000000e+04 5.490800000000000000e+04
6.123500000000000000e+04 4.505300000000000000e+04
4.094400000000000000e+04 2.850400000000000000e+04
6.022600000000000000e+04 2.520400000000000000e+04
3.831300000000000000e+04 4.291800000000000000e+04
9.484000000000000000e+03 4.961900000000000000e+04
5.928600000000000000e+04 1.941000000000000000e+04
2.721700000000000000e+04 1.349300000000000000e+04
3.611600000000000000e+04 3.553000000000000000e+04
1.266200000000000000e+04 4.290000000000000000e+03
1.540400000000000000e+04 3.886900000000000000e+04
5.606000000000000000e+03 4.522900000000000000e+04
5.561500000000000000e+04 3.921300000000000000e+04
3.029600000000000000e+04 6.134900000000000000e+04
3.706400000000000000e+04 7.162000000000000000e+03
1.136600000000000000e+04 1.561300000000000000e+04
8.338000000000000000e+03 6.031900000000000000e+04
3.256300000000000000e+04 4.975000000000000000e+04
8.989000000000000000e+03 3.160500000000000000e+04
4.463700000000000000e+04 2.615000000000000000e+04
6.001300000000000000e+04 5.241000000000000000e+04
1.660000000000000000e+04 5.301800000000000000e+04
5.521700000000000000e+04 1.301300000000000000e+04
2.438900000000000000e+04 2.684800000000000000e+04
5.236600000000000000e+04 3.305300000000000000e+04
1.686700000000000000e+04 7.522000000000000000e+03
1.461100000000000000e+04 4.355000000000000000e+04
1.705700000000000000e+04 3.735300000000000000e+04
1.374900000000000000e+04 5.635000000000000000e+03
5.622300000000000000e+04 5.806100000000000000e+04
3.295500000000000000e+04 2.061000000000000000e+04
5.353400000000000000e+04 1.472400000000000000e+04
1.480100000000000000e+04 5.321300000000000000e+04
4.440300000000000000e+04 4.546200000000000000e+04
4.974000000000000000e+04 2.296900000000000000e+04
3.646000000000000000e+03 2.349000000000000000e+04
2.933200000000000000e+04 4.645600000000000000e+04
4.309700000000000000e+04 5.552500000000000000e+04
7.402000000000000000e+03 1.138000000000000000e+04
3.377900000000000000e+04 8.653000000000000000e+03
3.036200000000000000e+04 5.919600000000000000e+04
5.101200000000000000e+04 4.823300000000000000e+04
4.282700000000000000e+04 3.536200000000000000e+04
9.501000000000000000e+03 4.128500000000000000e+04
3.924700000000000000e+04 1.698700000000000000e+04
3.712200000000000000e+04 5.677200000000000000e+04
2.911300000000000000e+04 1.061800000000000000e+04
5.959500000000000000e+04 1.214100000000000000e+04
5.365000000000000000e+03 5.343000000000000000e+04
3.763400000000000000e+04 4.960800000000000000e+04
9.566000000000000000e+03 3.066600000000000000e+04
4.036100000000000000e+04 2.866700000000000000e+04
6.018800000000000000e+04 4.595700000000000000e+04
1.962700000000000000e+04 6.157900000000000000e+04
4.736700000000000000e+04 8.368000000000000000e+03
2.496700000000000000e+04 2.844700000000000000e+04
5.600100000000000000e+04 3.512700000000000000e+04
1.487000000000000000e+04 1.509100000000000000e+04
4.465000000000000000e+04 6.069400000000000000e+04
1.107300000000000000e+04 4.357700000000000000e+04
2.091700000000000000e+04 7.988000000000000000e+03
5.827500000000000000e+04 3.475600000000000000e+04
2.522000000000000000e+04 2.582700000000000000e+04
4.569300000000000000e+04 9.727000000000000000e+03
2.045400000000000000e+04 6.298000000000000000e+04
6.098200000000000000e+04 5.099400000000000000e+04
4.532000000000000000e+04 2.218200000000000000e+04
1.059100000000000000e+04 2.990300000000000000e+04
3.522700000000000000e+04 4.831800000000000000e+04
5.325000000000000000e+03 5.459200000000000000e+04
6.237100000000000000e+04 9.588000000000000000e+03
2.901000000000000000e+04 1.088100000000000000e+04
3.760600000000000000e+04 5.566600000000000000e+04
5.511300000000000000e+04 4.026200000000000000e+04
5.126000000000000000e+03 4.342000000000000000e+04
4.099300000000000000e+04 3.553300000000000000e+04
5.063800000000000000e+04 4.802600000000000000e+04
2.594800000000000000e+04 5.586400000000000000e+04
4.317400000000000000e+04 4.190000000000000000e+03
8.876000000000000000e+03 1.093900000000000000e+04
4.229800000000000000e+04 5.468700000000000000e+04
3.108000000000000000e+04 4.373500000000000000e+04
4.538000000000000000e+03 2.581100000000000000e+04
5.385500000000000000e+04 2.410700000000000000e+04
4.312600000000000000e+04 4.694200000000000000e+04
1.227100000000000000e+04 5.080100000000000000e+04
5.972700000000000000e+04 2.030600000000000000e+04
2.730100000000000000e+04 1.679700000000000000e+04
3.671700000000000000e+04 3.809900000000000000e+04
1.141900000000000000e+04 3.978000000000000000e+03
1.689700000000000000e+04 3.865900000000000000e+04
1.510800000000000000e+04 4.218900000000000000e+04
2.044500000000000000e+04 6.402000000000000000e+03
5.633000000000000000e+04 5.789500000000000000e+04
2.615000000000000000e+04 2.285000000000000000e+04
5.605500000000000000e+04 1.434300000000000000e+04
1.419400000000000000e+04 5.488900000000000000e+04
4.494600000000000000e+04 4.225800000000000000e+04
5.109600000000000000e+04 2.411500000000000000e+04
4.156000000000000000e+03 2.292000000000000000e+04
3.179600000000000000e+04 4.710100000000000000e+04
1.027100000000000000e+04 6.051000000000000000e+04
9.059000000000000000e+03 1.597000000000000000e+04
3.643500000000000000e+04 5.585000000000000000e+03
3.181200000000000000e+04 6.132300000000000000e+04
5.371600000000000000e+04 4.404400000000000000e+04
3.829000000000000000e+03 4.260700000000000000e+04
8.339000000000000000e+03 3.928400000000000000e+04
3.951200000000000000e+04 1.688300000000000000e+04
3.456400000000000000e+04 3.871400000000000000e+04
2.614000000000000000e+04 1.550000000000000000e+04
6.150300000000000000e+04 9.295000000000000000e+03
6.509000000000000000e+03 5.296900000000000000e+04
3.630200000000000000e+04 4.142500000000000000e+04
5.835100000000000000e+04 2.643600000000000000e+04
3.847100000000000000e+04 2.958700000000000000e+04
5.891100000000000000e+04 4.623000000000000000e+04
2.701200000000000000e+04 5.362000000000000000e+04
4.277200000000000000e+04 5.582000000000000000e+03
2.036000000000000000e+04 2.362100000000000000e+04
2.005800000000000000e+04 4.599400000000000000e+04
1.589100000000000000e+04 1.253700000000000000e+04
4.781600000000000000e+04 5.965400000000000000e+04
4.787900000000000000e+04 5.886800000000000000e+04
1.531400000000000000e+04 1.369900000000000000e+04
2.346800000000000000e+04 4.418000000000000000e+04
1.689300000000000000e+04 2.512200000000000000e+04
4.644500000000000000e+04 1.019500000000000000e+04
1.894300000000000000e+04 5.810900000000000000e+04
6.047900000000000000e+04 4.542300000000000000e+04
4.217300000000000000e+04 2.952100000000000000e+04
5.806300000000000000e+04 2.877400000000000000e+04
3.581200000000000000e+04 4.423700000000000000e+04
5.484000000000000000e+03 5.433300000000000000e+04
6.018000000000000000e+04 7.020000000000000000e+03
2.813600000000000000e+04 7.193000000000000000e+03
3.889800000000000000e+04 5.741800000000000000e+04
3.836400000000000000e+04 1.779400000000000000e+04
9.219000000000000000e+03 3.735000000000000000e+04
4.618600000000000000e+04 3.501600000000000000e+04
5.080100000000000000e+04 4.859500000000000000e+04
3.057100000000000000e+04 6.124900000000000000e+04
3.795700000000000000e+04 8.099000000000000000e+03
9.872000000000000000e+03 1.845700000000000000e+04
7.561000000000000000e+03 6.102100000000000000e+04
2.888000000000000000e+04 4.588600000000000000e+04
4.344000000000000000e+03 2.491800000000000000e+04
5.021100000000000000e+04 2.347800000000000000e+04
4.499300000000000000e+04 4.728500000000000000e+04
1.736900000000000000e+04 5.673400000000000000e+04
5.610300000000000000e+04 1.559400000000000000e+04
3.104600000000000000e+04 2.116100000000000000e+04
5.817800000000000000e+04 5.791200000000000000e+04
1.203600000000000000e+04 4.941000000000000000e+03
1.623600000000000000e+04 4.196800000000000000e+04
1.607900000000000000e+04 3.887700000000000000e+04
1.279200000000000000e+04 2.105000000000000000e+03
3.620800000000000000e+04 3.647000000000000000e+04
3.105700000000000000e+04 1.532400000000000000e+04
6.036500000000000000e+04 1.775700000000000000e+04
1.140200000000000000e+04 4.903700000000000000e+04
3.874200000000000000e+04 4.505400000000000000e+04
6.107500000000000000e+04 2.719100000000000000e+04
1.816400000000000000e+04 2.580000000000000000e+04
2.314200000000000000e+04 4.535800000000000000e+04
4.153200000000000000e+04 5.533900000000000000e+04
6.449000000000000000e+03 1.014700000000000000e+04
4.289000000000000000e+04 5.044000000000000000e+03
2.601600000000000000e+04 5.621800000000000000e+04
5.142700000000000000e+04 4.879500000000000000e+04
4.540700000000000000e+04 3.447200000000000000e+04
4.799000000000000000e+03 4.163200000000000000e+04
5.389400000000000000e+04 4.378000000000000000e+04
3.688700000000000000e+04 5.892900000000000000e+04
2.943900000000000000e+04 9.536000000000000000e+03
9.571000000000000000e+03 1.731900000000000000e+04
8.481000000000000000e+03 5.952800000000000000e+04
3.638100000000000000e+04 5.277000000000000000e+04
8.836000000000000000e+03 3.196400000000000000e+04
4.365700000000000000e+04 2.746500000000000000e+04
5.660800000000000000e+04 5.302400000000000000e+04
2.134800000000000000e+04 6.080400000000000000e+04
4.632300000000000000e+04 9.533000000000000000e+03
2.736400000000000000e+04 3.176800000000000000e+04
5.670400000000000000e+04 3.760700000000000000e+04
1.985400000000000000e+04 7.590000000000000000e+03
1.122200000000000000e+04 4.300500000000000000e+04
4.757100000000000000e+04 5.589000000000000000e+04
1.802200000000000000e+04 1.418400000000000000e+04
5.663400000000000000e+04 3.609200000000000000e+04
2.570200000000000000e+04 2.742600000000000000e+04
4.729400000000000000e+04 1.133400000000000000e+04
2.048200000000000000e+04 6.023400000000000000e+04
6.121300000000000000e+04 4.991600000000000000e+04
4.568100000000000000e+04 2.712200000000000000e+04
