200 2
8.109280000000000000e+05 5.064680000000000000e+05
1.760230000000000000e+05 2.235350000000000000e+05
2.080730000000000000e+05 3.840640000000000000e+05
6.322360000000000000e+05 7.795060000000000000e+05
5.669480000000000000e+05 4.689910000000000000e+05
8.586970000000000000e+05 8.107830000000000000e+05
5.121440000000000000e+05 6.042650000000000000e+05
6.313550000000000000e+05 2.286620000000000000e+05
3.022470000000000000e+05 4.687350000000000000e+05
5.638150000000000000e+05 3.255530000000000000e+05
2.220570000000000000e+05 5.486490000000000000e+05
6.148570000000000000e+05 3.688110000000000000e+05
7.272820000000000000e+05 6.390160000000000000e+05
3.735770000000000000e+05 4.257520000000000000e+05
4.001350000000000000e+05 3.201960000000000000e+05
3.371540000000000000e+05 7.738730000000000000e+05
3.416570000000000000e+05 7.222110000000000000e+05
5.431340000000000000e+05 5.153870000000000000e+05
7.371630000000000000e+05 7.961210000000000000e+05
7.997210000000000000e+05 7.420000000000000000e+05
2.082840000000000000e+05 2.043910000000000000e+05
8.756160000000000000e+05 4.957840000000000000e+05
2.837870000000000000e+05 3.455600000000000000e+05
2.840230000000000000e+05 4.455290000000000000e+05
6.407910000000000000e+05 2.661020000000000000e+05
4.843310000000000000e+05 2.991240000000000000e+05
3.444290000000000000e+05 4.574560000000000000e+05
5.802990000000000000e+05 4.108350000000000000e+05
6.065380000000000000e+05 7.511560000000000000e+05
4.082670000000000000e+05 3.959760000000000000e+05
3.547340000000000000e+05 2.524420000000000000e+05
7.415890000000000000e+05 4.375290000000000000e+05
3.691440000000000000e+05 8.350180000000000000e+05
4.026150000000000000e+05 2.693640000000000000e+05
3.697200000000000000e+05 4.309160000000000000e+05
5.263450000000000000e+05 7.480790000000000000e+05
5.886310000000000000e+05 4.786830000000000000e+05
3.153730000000000000e+05 5.572200000000000000e+05
5.334570000000000000e+05 2.956480000000000000e+05
3.143550000000000000e+05 4.867000000000000000e+05
5.409680000000000000e+05 7.075060000000000000e+05
1.831360000000000000e+05 4.333520000000000000e+05
8.202330000000000000e+05 4.459660000000000000e+05
1.390870000000000000e+05 1.642040000000000000e+05
7.883340000000000000e+05 6.402630000000000000e+05
7.090720000000000000e+05 8.295540000000000000e+05
5.502190000000000000e+05 5.119030000000000000e+05
5.993940000000000000e+05 2.361260000000000000e+05
3.418520000000000000e+05 7.697280000000000000e+05
4.682260000000000000e+05 3.613360000000000000e+05
4.338060000000000000e+05 4.525930000000000000e+05
8.263580000000000000e+05 5.769910000000000000e+05
2.158750000000000000e+05 1.675070000000000000e+05
3.391670000000000000e+05 5.780440000000000000e+05
5.209720000000000000e+05 2.948340000000000000e+05
2.996470000000000000e+05 4.604760000000000000e+05
6.778770000000000000e+05 2.286740000000000000e+05
4.953710000000000000e+05 5.243030000000000000e+05
7.419970000000000000e+05 7.958850000000000000e+05
5.447870000000000000e+05 4.501760000000000000e+05
5.536540000000000000e+05 8.453740000000000000e+05
2.192990000000000000e+05 3.728490000000000000e+05
3.717910000000000000e+05 2.659000000000000000e+05
6.805090000000000000e+05 4.993740000000000000e+05
7.618040000000000000e+05 4.687880000000000000e+05
3.613430000000000000e+05 2.270740000000000000e+05
3.882420000000000000e+05 4.755140000000000000e+05
5.964880000000000000e+05 7.960240000000000000e+05
5.638430000000000000e+05 4.546730000000000000e+05
7.619470000000000000e+05 7.693380000000000000e+05
5.272680000000000000e+05 3.323730000000000000e+05
6.273980000000000000e+05 3.182920000000000000e+05
3.206660000000000000e+05 4.936890000000000000e+05
2.205290000000000000e+05 3.653230000000000000e+05
3.545750000000000000e+05 5.670960000000000000e+05
2.321610000000000000e+05 2.044100000000000000e+05
8.016540000000000000e+05 6.653790000000000000e+05
7.644170000000000000e+05 7.797110000000000000e+05
4.568990000000000000e+05 5.358570000000000000e+05
3.653730000000000000e+05 7.909160000000000000e+05
6.408010000000000000e+05 2.143450000000000000e+05
5.477980000000000000e+05 5.723990000000000000e+05
7.870950000000000000e+05 6.571280000000000000e+05
7.246590000000000000e+05 6.422750000000000000e+05
1.654780000000000000e+05 2.054060000000000000e+05
7.600880000000000000e+05 4.224670000000000000e+05
2.746050000000000000e+05 3.409650000000000000e+05
6.039690000000000000e+05 7.705260000000000000e+05
3.034430000000000000e+05 4.813750000000000000e+05
5.470750000000000000e+05 3.031000000000000000e+05
3.325620000000000000e+05 6.385160000000000000e+05
5.513260000000000000e+05 3.898830000000000000e+05
7.627280000000000000e+05 6.501650000000000000e+05
4.279870000000000000e+05 3.923200000000000000e+05
3.479540000000000000e+05 3.666390000000000000e+05
3.434360000000000000e+05 7.596860000000000000e+05
3.126760000000000000e+05 7.485950000000000000e+05
4.195910000000000000e+05 3.874370000000000000e+05
4.409980000000000000e+05 4.068100000000000000e+05
6.535110000000000000e+05 7.845970000000000000e+05
5.175080000000000000e+05 5.137030000000000000e+05
3.922020000000000000e+05 5.866080000000000000e+05
5.295100000000000000e+05 2.873470000000000000e+05
5.347420000000000000e+05 2.125160000000000000e+05
3.139820000000000000e+05 4.679350000000000000e+05
2.072570000000000000e+05 3.435050000000000000e+05
8.225880000000000000e+05 4.979250000000000000e+05
2.031850000000000000e+05 1.623390000000000000e+05
7.706160000000000000e+05 4.921120000000000000e+05
6.828580000000000000e+05 8.026630000000000000e+05
4.655130000000000000e+05 5.291320000000000000e+05
6.257380000000000000e+05 2.144400000000000000e+05
4.133560000000000000e+05 7.553100000000000000e+05
3.792280000000000000e+05 2.314190000000000000e+05
4.189100000000000000e+05 3.983090000000000000e+05
7.683550000000000000e+05 6.229270000000000000e+05
2.006880000000000000e+05 2.701850000000000000e+05
3.688550000000000000e+05 6.478090000000000000e+05
5.233530000000000000e+05 3.194290000000000000e+05
2.873390000000000000e+05 4.603410000000000000e+05
6.807120000000000000e+05 2.161390000000000000e+05
4.772520000000000000e+05 5.117170000000000000e+05
8.519140000000000000e+05 7.874520000000000000e+05
5.219300000000000000e+05 5.160220000000000000e+05
5.794930000000000000e+05 8.280040000000000000e+05
2.389280000000000000e+05 3.282620000000000000e+05
1.981100000000000000e+05 2.879640000000000000e+05
7.533220000000000000e+05 4.114370000000000000e+05
7.038390000000000000e+05 4.498120000000000000e+05
2.542190000000000000e+05 2.568380000000000000e+05
2.590730000000000000e+05 2.105130000000000000e+05
5.773460000000000000e+05 8.104030000000000000e+05
5.735750000000000000e+05 4.371530000000000000e+05
8.015310000000000000e+05 8.419830000000000000e+05
5.103720000000000000e+05 6.118260000000000000e+05
6.166940000000000000e+05 3.294940000000000000e+05
3.030790000000000000e+05 4.651460000000000000e+05
5.615220000000000000e+05 3.139980000000000000e+05
3.807470000000000000e+05 5.899490000000000000e+05
1.766850000000000000e+05 2.044450000000000000e+05
6.145090000000000000e+05 6.500540000000000000e+05
4.714410000000000000e+05 4.238640000000000000e+05
3.516300000000000000e+05 2.455300000000000000e+05
3.555060000000000000e+05 7.602190000000000000e+05
7.600990000000000000e+05 2.054820000000000000e+05
5.031690000000000000e+05 5.843190000000000000e+05
7.452890000000000000e+05 7.832190000000000000e+05
7.727140000000000000e+05 6.396110000000000000e+05
2.794030000000000000e+05 1.929340000000000000e+05
7.626770000000000000e+05 4.510920000000000000e+05
2.444630000000000000e+05 3.565410000000000000e+05
3.065830000000000000e+05 4.667080000000000000e+05
3.142640000000000000e+05 4.720720000000000000e+05
5.276470000000000000e+05 2.865480000000000000e+05
3.456250000000000000e+05 6.872940000000000000e+05
5.423980000000000000e+05 4.099800000000000000e+05
6.004460000000000000e+05 7.301140000000000000e+05
4.520240000000000000e+05 4.095970000000000000e+05
3.054160000000000000e+05 2.509620000000000000e+05
3.562380000000000000e+05 6.863120000000000000e+05
3.373310000000000000e+05 7.666460000000000000e+05
3.928400000000000000e+05 2.592600000000000000e+05
4.493370000000000000e+05 3.971430000000000000e+05
7.740430000000000000e+05 6.485100000000000000e+05
5.732060000000000000e+05 3.643240000000000000e+05
3.325930000000000000e+05 5.308480000000000000e+05
6.142670000000000000e+05 2.518230000000000000e+05
3.013290000000000000e+05 4.799740000000000000e+05
7.002490000000000000e+05 7.942050000000000000e+05
2.097200000000000000e+05 3.561370000000000000e+05
8.651000000000000000e+05 4.443830000000000000e+05
1.971620000000000000e+05 1.907460000000000000e+05
8.987280000000000000e+05 5.817720000000000000e+05
6.562050000000000000e+05 7.904650000000000000e+05
4.379480000000000000e+05 6.758570000000000000e+05
7.049980000000000000e+05 2.202690000000000000e+05
2.574000000000000000e+05 8.582670000000000000e+05
5.052810000000000000e+05 5.790150000000000000e+05
7.895610000000000000e+05 7.845630000000000000e+05
7.304840000000000000e+05 7.144490000000000000e+05
2.509920000000000000e+05 2.892080000000000000e+05
4.252440000000000000e+05 6.336700000000000000e+05
1.970980000000000000e+05 3.907740000000000000e+05
3.005530000000000000e+05 4.759750000000000000e+05
6.392360000000000000e+05 2.333340000000000000e+05
4.482850000000000000e+05 3.834110000000000000e+05
3.439180000000000000e+05 6.377500000000000000e+05
6.008210000000000000e+05 3.978430000000000000e+05
6.681720000000000000e+05 8.266550000000000000e+05
4.299770000000000000e+05 4.405010000000000000e+05
3.619660000000000000e+05 2.345020000000000000e+05
7.834750000000000000e+05 4.448340000000000000e+05
7.789660000000000000e+05 4.906400000000000000e+05
3.400730000000000000e+05 3.093100000000000000e+05
2.725700000000000000e+05 2.535630000000000000e+05
5.751550000000000000e+05 7.820740000000000000e+05
5.666880000000000000e+05 4.474610000000000000e+05
9.006680000000000000e+05 7.443120000000000000e+05
4.497050000000000000e+05 3.988270000000000000e+05
6.339150000000000000e+05 2.129040000000000000e+05
