200 2
3.784420000000000000e+05 3.775420000000000000e+05
2.106380000000000000e+05 4.432780000000000000e+05
8.995520000000000000e+05 3.745900000000000000e+05
4.315860000000000000e+05 6.377940000000000000e+05
5.608520000000000000e+05 3.280310000000000000e+05
5.926440000000000000e+05 4.477700000000000000e+05
6.726690000000000000e+05 7.120770000000000000e+05
4.141130000000000000e+05 5.082370000000000000e+05
2.898240000000000000e+05 2.766120000000000000e+05
2.996570000000000000e+05 6.931010000000000000e+05
6.880040000000000000e+05 2.459470000000000000e+05
5.542250000000000000e+05 4.014530000000000000e+05
6.162080000000000000e+05 6.876450000000000000e+05
7.678170000000000000e+05 6.610040000000000000e+05
4.916910000000000000e+05 7.927110000000000000e+05
5.667290000000000000e+05 2.388730000000000000e+05
5.120720000000000000e+05 2.965240000000000000e+05
6.060200000000000000e+05 7.131860000000000000e+05
5.828120000000000000e+05 4.443440000000000000e+05
6.387890000000000000e+05 6.060630000000000000e+05
2.302940000000000000e+05 4.938190000000000000e+05
2.578290000000000000e+05 2.181940000000000000e+05
7.106310000000000000e+05 4.548830000000000000e+05
2.191820000000000000e+05 2.705560000000000000e+05
3.904440000000000000e+05 5.389960000000000000e+05
2.625370000000000000e+05 5.132430000000000000e+05
6.151420000000000000e+05 1.907320000000000000e+05
4.845380000000000000e+05 4.568280000000000000e+05
4.693500000000000000e+05 6.804700000000000000e+05
7.661350000000000000e+05 5.992000000000000000e+05
4.868200000000000000e+05 7.630770000000000000e+05
4.947740000000000000e+05 2.583430000000000000e+05
5.563430000000000000e+05 1.944570000000000000e+05
3.924550000000000000e+05 7.146740000000000000e+05
7.631180000000000000e+05 5.190150000000000000e+05
4.412350000000000000e+05 6.775300000000000000e+05
5.790390000000000000e+05 4.100170000000000000e+05
6.815440000000000000e+05 2.703550000000000000e+05
3.068130000000000000e+05 5.088480000000000000e+05
2.942110000000000000e+05 2.733110000000000000e+05
5.778440000000000000e+05 6.342440000000000000e+05
6.793100000000000000e+05 4.652970000000000000e+05
4.201730000000000000e+05 3.299860000000000000e+05
2.506140000000000000e+05 5.141060000000000000e+05
6.611780000000000000e+05 5.985300000000000000e+05
6.314280000000000000e+05 4.535150000000000000e+05
6.838170000000000000e+05 8.481280000000000000e+05
2.770290000000000000e+05 4.370990000000000000e+05
5.507010000000000000e+05 2.543080000000000000e+05
5.898610000000000000e+05 8.901190000000000000e+05
7.633620000000000000e+05 5.452640000000000000e+05
6.356880000000000000e+05 5.868250000000000000e+05
2.974500000000000000e+05 6.212870000000000000e+05
6.809960000000000000e+05 3.228870000000000000e+05
2.702360000000000000e+05 6.210510000000000000e+05
3.037200000000000000e+05 2.727170000000000000e+05
3.959790000000000000e+05 3.644340000000000000e+05
6.446850000000000000e+05 7.665790000000000000e+05
4.779080000000000000e+05 4.392190000000000000e+05
5.200500000000000000e+05 3.793820000000000000e+05
4.521130000000000000e+05 5.839040000000000000e+05
7.283830000000000000e+05 4.309780000000000000e+05
4.172030000000000000e+05 8.701750000000000000e+05
4.400510000000000000e+05 4.490160000000000000e+05
3.586460000000000000e+05 3.561800000000000000e+05
5.436100000000000000e+05 7.778660000000000000e+05
7.638650000000000000e+05 4.668630000000000000e+05
5.422000000000000000e+05 6.631050000000000000e+05
5.376210000000000000e+05 4.046110000000000000e+05
5.352980000000000000e+05 5.571400000000000000e+05
3.181370000000000000e+05 6.499940000000000000e+05
2.535310000000000000e+05 5.211380000000000000e+05
3.043140000000000000e+05 2.681560000000000000e+05
6.018010000000000000e+05 4.944360000000000000e+05
6.633650000000000000e+05 2.664340000000000000e+05
2.433000000000000000e+05 4.798590000000000000e+05
6.284690000000000000e+05 5.660890000000000000e+05
5.053150000000000000e+05 4.593610000000000000e+05
6.178960000000000000e+05 7.665600000000000000e+05
6.610040000000000000e+05 2.308240000000000000e+05
3.847360000000000000e+05 5.416130000000000000e+05
6.223940000000000000e+05 7.546620000000000000e+05
5.531210000000000000e+05 4.638890000000000000e+05
7.272220000000000000e+05 7.058460000000000000e+05
2.457150000000000000e+05 4.727890000000000000e+05
2.776690000000000000e+05 4.462880000000000000e+05
8.023810000000000000e+05 3.814420000000000000e+05
4.962870000000000000e+05 7.199340000000000000e+05
3.068830000000000000e+05 2.756270000000000000e+05
3.404440000000000000e+05 7.247910000000000000e+05
6.765200000000000000e+05 2.963580000000000000e+05
4.903980000000000000e+05 3.988370000000000000e+05
6.941700000000000000e+05 6.125900000000000000e+05
7.458660000000000000e+05 5.580510000000000000e+05
4.972410000000000000e+05 7.485030000000000000e+05
5.121620000000000000e+05 1.957630000000000000e+05
5.093950000000000000e+05 2.282900000000000000e+05
5.418010000000000000e+05 7.767020000000000000e+05
7.641880000000000000e+05 5.901400000000000000e+05
5.010360000000000000e+05 7.149710000000000000e+05
4.903910000000000000e+05 4.509330000000000000e+05
6.094900000000000000e+05 2.422700000000000000e+05
2.580070000000000000e+05 8.458790000000000000e+05
3.692750000000000000e+05 5.261260000000000000e+05
3.094930000000000000e+05 2.699520000000000000e+05
7.379410000000000000e+05 4.300160000000000000e+05
3.774630000000000000e+05 3.629680000000000000e+05
2.372670000000000000e+05 4.926880000000000000e+05
6.048410000000000000e+05 6.135810000000000000e+05
4.858440000000000000e+05 4.916210000000000000e+05
6.315970000000000000e+05 8.936080000000000000e+05
4.835450000000000000e+05 6.037770000000000000e+05
4.876380000000000000e+05 1.989050000000000000e+05
5.690800000000000000e+05 8.551490000000000000e+05
7.791530000000000000e+05 4.820760000000000000e+05
6.304160000000000000e+05 6.098580000000000000e+05
2.464080000000000000e+05 4.996480000000000000e+05
6.633950000000000000e+05 2.973730000000000000e+05
3.181300000000000000e+05 6.626770000000000000e+05
2.892490000000000000e+05 2.779970000000000000e+05
3.938820000000000000e+05 5.061970000000000000e+05
6.866710000000000000e+05 8.385500000000000000e+05
4.421570000000000000e+05 5.143270000000000000e+05
5.983610000000000000e+05 3.027740000000000000e+05
3.804290000000000000e+05 6.640950000000000000e+05
7.177240000000000000e+05 4.506100000000000000e+05
2.425600000000000000e+05 4.811720000000000000e+05
3.735230000000000000e+05 3.696710000000000000e+05
3.936360000000000000e+05 3.679950000000000000e+05
2.421740000000000000e+05 5.135940000000000000e+05
7.751300000000000000e+05 4.155290000000000000e+05
4.782050000000000000e+05 6.354550000000000000e+05
5.307860000000000000e+05 2.053090000000000000e+05
5.133660000000000000e+05 5.069080000000000000e+05
6.335300000000000000e+05 7.245560000000000000e+05
4.583470000000000000e+05 4.862810000000000000e+05
2.992850000000000000e+05 2.767340000000000000e+05
3.570750000000000000e+05 7.309800000000000000e+05
6.005870000000000000e+05 2.289750000000000000e+05
2.354490000000000000e+05 4.878200000000000000e+05
5.854390000000000000e+05 6.045730000000000000e+05
7.512440000000000000e+05 5.249220000000000000e+05
5.456740000000000000e+05 7.621170000000000000e+05
4.167210000000000000e+05 2.510060000000000000e+05
3.832470000000000000e+05 5.105140000000000000e+05
7.194450000000000000e+05 6.604850000000000000e+05
5.443220000000000000e+05 5.392750000000000000e+05
6.205690000000000000e+05 5.961930000000000000e+05
2.404960000000000000e+05 4.858640000000000000e+05
2.996170000000000000e+05 4.134100000000000000e+05
8.558000000000000000e+05 3.862480000000000000e+05
1.353830000000000000e+05 2.776570000000000000e+05
2.767110000000000000e+05 2.818560000000000000e+05
3.025930000000000000e+05 6.961640000000000000e+05
6.746320000000000000e+05 2.685540000000000000e+05
6.380850000000000000e+05 4.210950000000000000e+05
4.264180000000000000e+05 5.981280000000000000e+05
7.738800000000000000e+05 6.138120000000000000e+05
4.922330000000000000e+05 8.476780000000000000e+05
4.997070000000000000e+05 2.070860000000000000e+05
4.375200000000000000e+05 3.617080000000000000e+05
5.934670000000000000e+05 8.029260000000000000e+05
8.081630000000000000e+05 6.242690000000000000e+05
5.418170000000000000e+05 6.928870000000000000e+05
5.994610000000000000e+05 3.720580000000000000e+05
6.797200000000000000e+05 2.322880000000000000e+05
4.034320000000000000e+05 7.954710000000000000e+05
2.653780000000000000e+05 2.828190000000000000e+05
4.760580000000000000e+05 6.404410000000000000e+05
7.244830000000000000e+05 4.394970000000000000e+05
4.381560000000000000e+05 3.610370000000000000e+05
1.933670000000000000e+05 3.964770000000000000e+05
6.280060000000000000e+05 6.226310000000000000e+05
5.570620000000000000e+05 5.510990000000000000e+05
5.517010000000000000e+05 7.626390000000000000e+05
4.601970000000000000e+05 5.151620000000000000e+05
5.338400000000000000e+05 2.757110000000000000e+05
6.653750000000000000e+05 7.843770000000000000e+05
6.204950000000000000e+05 4.286560000000000000e+05
6.733220000000000000e+05 5.783810000000000000e+05
2.320780000000000000e+05 4.876830000000000000e+05
6.546670000000000000e+05 2.625850000000000000e+05
7.716090000000000000e+05 4.171880000000000000e+05
2.660700000000000000e+05 2.713030000000000000e+05
3.658440000000000000e+05 6.373640000000000000e+05
4.484020000000000000e+05 7.464140000000000000e+05
6.626500000000000000e+05 2.925920000000000000e+05
5.419970000000000000e+05 4.497360000000000000e+05
4.342600000000000000e+05 6.054000000000000000e+05
7.027140000000000000e+05 7.426700000000000000e+05
4.932700000000000000e+05 9.519240000000000000e+05
3.724010000000000000e+05 3.491190000000000000e+05
3.797370000000000000e+05 3.702370000000000000e+05
4.655700000000000000e+05 7.407680000000000000e+05
8.065880000000000000e+05 4.101620000000000000e+05
5.533250000000000000e+05 7.024490000000000000e+05
5.738580000000000000e+05 3.912980000000000000e+05
5.605090000000000000e+05 5.134250000000000000e+05
4.681490000000000000e+05 5.051990000000000000e+05
3.342540000000000000e+05 5.173960000000000000e+05
