100 2
2.327200000000000000e+04 4.563300000000000000e+04
4.492000000000000000e+03 5.675400000000000000e+04
6.131400000000000000e+04 5.111000000000000000e+04
2.861600000000000000e+04 5.941600000000000000e+04
1.924200000000000000e+04 6.179700000000000000e+04
3.709400000000000000e+04 4.411900000000000000e+04
5.397300000000000000e+04 4.411200000000000000e+04
6.095500000000000000e+04 5.789600000000000000e+04
3.657500000000000000e+04 5.848300000000000000e+04
6.395700000000000000e+04 4.775300000000000000e+04
2.958100000000000000e+04 4.426800000000000000e+04
1.148000000000000000e+04 5.060400000000000000e+04
2.501400000000000000e+04 5.605500000000000000e+04
4.192700000000000000e+04 4.854300000000000000e+04
1.099300000000000000e+04 5.991000000000000000e+04
5.869000000000000000e+04 3.861900000000000000e+04
5.781200000000000000e+04 6.192300000000000000e+04
5.564500000000000000e+04 4.336300000000000000e+04
3.963000000000000000e+04 4.524600000000000000e+04
2.076500000000000000e+04 6.070900000000000000e+04
8.524000000000000000e+03 5.070800000000000000e+04
3.204900000000000000e+04 4.781900000000000000e+04
6.012900000000000000e+04 4.616100000000000000e+04
3.428900000000000000e+04 5.668400000000000000e+04
3.617200000000000000e+04 3.580600000000000000e+04
5.083500000000000000e+04 5.009900000000000000e+04
3.619500000000000000e+04 5.160600000000000000e+04
1.826100000000000000e+04 5.307200000000000000e+04
2.911600000000000000e+04 5.911900000000000000e+04
5.813400000000000000e+04 5.187700000000000000e+04
6.752000000000000000e+03 5.490300000000000000e+04
2.569300000000000000e+04 4.623200000000000000e+04
5.842700000000000000e+04 3.268300000000000000e+04
1.466500000000000000e+04 6.043600000000000000e+04
4.290400000000000000e+04 4.478500000000000000e+04
2.617200000000000000e+04 5.521500000000000000e+04
1.499500000000000000e+04 5.588900000000000000e+04
3.655200000000000000e+04 5.165500000000000000e+04
5.324200000000000000e+04 5.147300000000000000e+04
3.580800000000000000e+04 3.637600000000000000e+04
3.030400000000000000e+04 6.114100000000000000e+04
5.860400000000000000e+04 5.433600000000000000e+04
2.344100000000000000e+04 4.588600000000000000e+04
4.927000000000000000e+03 5.270100000000000000e+04
2.078400000000000000e+04 6.093500000000000000e+04
4.049200000000000000e+04 4.776100000000000000e+04
5.674900000000000000e+04 4.552900000000000000e+04
5.879700000000000000e+04 5.837700000000000000e+04
5.760300000000000000e+04 3.402900000000000000e+04
1.020000000000000000e+04 6.216600000000000000e+04
4.578600000000000000e+04 4.658000000000000000e+04
2.598500000000000000e+04 5.779500000000000000e+04
1.279100000000000000e+04 5.042600000000000000e+04
3.180200000000000000e+04 4.747600000000000000e+04
6.125800000000000000e+04 4.606400000000000000e+04
3.756600000000000000e+04 5.945600000000000000e+04
3.651500000000000000e+04 3.635600000000000000e+04
5.210300000000000000e+04 4.920400000000000000e+04
3.345300000000000000e+04 5.048500000000000000e+04
1.390900000000000000e+04 5.333700000000000000e+04
3.006800000000000000e+04 6.224500000000000000e+04
6.127200000000000000e+04 5.241000000000000000e+04
4.159000000000000000e+03 5.403500000000000000e+04
2.359400000000000000e+04 4.595000000000000000e+04
2.091400000000000000e+04 4.409100000000000000e+04
4.084000000000000000e+03 5.484300000000000000e+04
5.904500000000000000e+04 5.270600000000000000e+04
3.121500000000000000e+04 5.984800000000000000e+04
1.466500000000000000e+04 5.339300000000000000e+04
3.616300000000000000e+04 5.303100000000000000e+04
4.968500000000000000e+04 4.860500000000000000e+04
3.509100000000000000e+04 3.564100000000000000e+04
3.459600000000000000e+04 5.976500000000000000e+04
6.298200000000000000e+04 4.531400000000000000e+04
3.111900000000000000e+04 4.605500000000000000e+04
1.187600000000000000e+04 5.002300000000000000e+04
2.038400000000000000e+04 6.243700000000000000e+04
3.685900000000000000e+04 4.283200000000000000e+04
5.445900000000000000e+04 4.396400000000000000e+04
5.944900000000000000e+04 6.212100000000000000e+04
6.165400000000000000e+04 6.145000000000000000e+04
5.534600000000000000e+04 4.098700000000000000e+04
3.754200000000000000e+04 4.660000000000000000e+04
1.954500000000000000e+04 6.083400000000000000e+04
2.847000000000000000e+03 5.430500000000000000e+04
2.355400000000000000e+04 4.586300000000000000e+04
6.144200000000000000e+04 5.179200000000000000e+04
2.839200000000000000e+04 6.134600000000000000e+04
3.585100000000000000e+04 3.914200000000000000e+04
5.211000000000000000e+04 4.867900000000000000e+04
3.652200000000000000e+04 5.016400000000000000e+04
1.979800000000000000e+04 5.284500000000000000e+04
2.587300000000000000e+04 5.967800000000000000e+04
4.467700000000000000e+04 4.792100000000000000e+04
8.908000000000000000e+03 5.902900000000000000e+04
5.614300000000000000e+04 3.565800000000000000e+04
5.438100000000000000e+04 3.682000000000000000e+04
1.093900000000000000e+04 5.834600000000000000e+04
4.488200000000000000e+04 4.724500000000000000e+04
2.718100000000000000e+04 5.491900000000000000e+04
