100 2
2.470300000000000000e+04 5.533600000000000000e+04
4.978000000000000000e+03 2.261100000000000000e+04
3.721600000000000000e+04 4.210300000000000000e+04
1.553000000000000000e+04 3.965700000000000000e+04
4.145600000000000000e+04 2.747200000000000000e+04
5.893700000000000000e+04 5.980100000000000000e+04
5.305300000000000000e+04 4.926900000000000000e+04
6.631000000000000000e+03 5.378400000000000000e+04
4.760200000000000000e+04 5.875100000000000000e+04
6.056300000000000000e+04 4.939200000000000000e+04
3.860800000000000000e+04 5.746500000000000000e+04
5.072600000000000000e+04 2.574000000000000000e+04
5.555000000000000000e+03 4.142800000000000000e+04
2.423000000000000000e+04 4.357500000000000000e+04
2.631900000000000000e+04 2.553200000000000000e+04
1.481600000000000000e+04 5.517200000000000000e+04
8.769000000000000000e+03 5.231100000000000000e+04
5.231400000000000000e+04 4.037000000000000000e+04
5.665400000000000000e+04 3.480000000000000000e+04
4.396500000000000000e+04 3.375800000000000000e+04
8.960000000000000000e+03 2.934900000000000000e+04
3.101800000000000000e+04 5.973300000000000000e+04
4.434300000000000000e+04 4.633100000000000000e+04
1.372500000000000000e+04 4.490200000000000000e+04
4.309700000000000000e+04 5.552500000000000000e+04
5.968400000000000000e+04 4.614100000000000000e+04
3.647600000000000000e+04 3.865200000000000000e+04
4.715700000000000000e+04 2.546700000000000000e+04
7.549000000000000000e+03 3.953000000000000000e+04
3.733000000000000000e+04 4.749300000000000000e+04
1.606600000000000000e+04 2.686100000000000000e+04
1.930600000000000000e+04 6.005100000000000000e+04
1.736000000000000000e+04 5.565200000000000000e+04
1.779000000000000000e+04 2.319700000000000000e+04
3.097500000000000000e+04 4.464600000000000000e+04
9.035000000000000000e+03 3.585900000000000000e+04
5.067700000000000000e+04 2.368200000000000000e+04
3.636000000000000000e+04 3.762400000000000000e+04
5.901700000000000000e+04 5.128300000000000000e+04
4.631600000000000000e+04 5.651500000000000000e+04
1.251100000000000000e+04 4.421100000000000000e+04
3.655200000000000000e+04 4.227300000000000000e+04
2.541700000000000000e+04 5.748700000000000000e+04
7.254000000000000000e+03 3.009400000000000000e+04
4.148900000000000000e+04 2.800500000000000000e+04
5.206100000000000000e+04 3.648600000000000000e+04
5.371600000000000000e+04 4.404400000000000000e+04
7.543000000000000000e+03 5.336600000000000000e+04
1.227100000000000000e+04 5.080100000000000000e+04
2.639500000000000000e+04 2.880400000000000000e+04
2.417300000000000000e+04 4.251200000000000000e+04
4.282200000000000000e+04 3.625900000000000000e+04
5.980900000000000000e+04 2.741000000000000000e+04
3.553200000000000000e+04 5.750200000000000000e+04
4.630500000000000000e+04 4.595900000000000000e+04
4.596000000000000000e+04 5.917600000000000000e+04
1.059900000000000000e+04 6.075200000000000000e+04
6.130000000000000000e+04 4.527700000000000000e+04
5.619300000000000000e+04 5.730600000000000000e+04
4.545900000000000000e+04 2.843400000000000000e+04
1.518400000000000000e+04 3.481200000000000000e+04
3.885500000000000000e+04 4.931100000000000000e+04
5.356000000000000000e+03 2.610300000000000000e+04
2.162800000000000000e+04 6.044900000000000000e+04
2.006600000000000000e+04 6.100800000000000000e+04
5.851000000000000000e+03 2.393800000000000000e+04
3.358800000000000000e+04 4.967100000000000000e+04
7.915000000000000000e+03 3.695400000000000000e+04
4.523500000000000000e+04 2.540400000000000000e+04
3.351400000000000000e+04 3.414600000000000000e+04
5.932500000000000000e+04 4.897800000000000000e+04
8.247000000000000000e+03 6.029500000000000000e+04
4.527800000000000000e+04 5.963900000000000000e+04
4.444100000000000000e+04 4.408400000000000000e+04
3.079000000000000000e+04 5.947600000000000000e+04
5.956900000000000000e+04 2.889900000000000000e+04
4.265400000000000000e+04 3.619400000000000000e+04
2.500100000000000000e+04 4.562700000000000000e+04
5.271400000000000000e+04 4.173500000000000000e+04
1.045800000000000000e+04 5.007900000000000000e+04
2.975000000000000000e+03 5.477700000000000000e+04
5.185800000000000000e+04 4.940600000000000000e+04
5.557600000000000000e+04 3.570000000000000000e+04
4.189700000000000000e+04 3.133900000000000000e+04
8.944000000000000000e+03 3.057200000000000000e+04
2.517700000000000000e+04 5.524200000000000000e+04
3.976900000000000000e+04 4.424000000000000000e+04
1.386400000000000000e+04 4.115600000000000000e+04
4.444500000000000000e+04 5.494700000000000000e+04
6.016500000000000000e+04 4.905000000000000000e+04
3.353000000000000000e+04 5.692300000000000000e+04
4.981400000000000000e+04 2.276300000000000000e+04
5.443000000000000000e+03 4.451100000000000000e+04
3.318600000000000000e+04 4.352400000000000000e+04
2.501700000000000000e+04 2.628700000000000000e+04
1.690100000000000000e+04 5.381600000000000000e+04
1.996300000000000000e+04 6.020200000000000000e+04
1.483900000000000000e+04 2.526000000000000000e+04
3.178800000000000000e+04 4.529000000000000000e+04
1.080500000000000000e+04 3.765700000000000000e+04
