100 2
4.196500000000000000e+04 5.618300000000000000e+04
8.270000000000000000e+03 1.283900000000000000e+04
2.211600000000000000e+04 4.708900000000000000e+04
1.798000000000000000e+04 2.526000000000000000e+04
4.336800000000000000e+04 5.905000000000000000e+03
2.564600000000000000e+04 5.490800000000000000e+04
6.123500000000000000e+04 4.505300000000000000e+04
4.094400000000000000e+04 2.850400000000000000e+04
6.022600000000000000e+04 2.520400000000000000e+04
3.831300000000000000e+04 4.291800000000000000e+04
9.484000000000000000e+03 4.961900000000000000e+04
5.928600000000000000e+04 1.941000000000000000e+04
2.721700000000000000e+04 1.349300000000000000e+04
3.611600000000000000e+04 3.553000000000000000e+04
1.266200000000000000e+04 4.290000000000000000e+03
1.540400000000000000e+04 3.886900000000000000e+04
5.606000000000000000e+03 4.522900000000000000e+04
5.561500000000000000e+04 3.921300000000000000e+04
3.029600000000000000e+04 6.134900000000000000e+04
3.706400000000000000e+04 7.162000000000000000e+03
1.136600000000000000e+04 1.561300000000000000e+04
8.338000000000000000e+03 6.031900000000000000e+04
3.256300000000000000e+04 4.975000000000000000e+04
8.989000000000000000e+03 3.160500000000000000e+04
4.463700000000000000e+04 2.615000000000000000e+04
6.001300000000000000e+04 5.241000000000000000e+04
1.660000000000000000e+04 5.301800000000000000e+04
5.521700000000000000e+04 1.301300000000000000e+04
2.438900000000000000e+04 2.684800000000000000e+04
5.236600000000000000e+04 3.305300000000000000e+04
1.686700000000000000e+04 7.522000000000000000e+03
1.461100000000000000e+04 4.355000000000000000e+04
1.705700000000000000e+04 3.735300000000000000e+04
1.374900000000000000e+04 5.635000000000000000e+03
5.622300000000000000e+04 5.806100000000000000e+04
3.295500000000000000e+04 2.061000000000000000e+04
5.353400000000000000e+04 1.472400000000000000e+04
1.480100000000000000e+04 5.321300000000000000e+04
4.440300000000000000e+04 4.546200000000000000e+04
4.974000000000000000e+04 2.296900000000000000e+04
3.646000000000000000e+03 2.349000000000000000e+04
2.933200000000000000e+04 4.645600000000000000e+04
4.309700000000000000e+04 5.552500000000000000e+04
7.402000000000000000e+03 1.138000000000000000e+04
3.377900000000000000e+04 8.653000000000000000e+03
3.036200000000000000e+04 5.919600000000000000e+04
5.101200000000000000e+04 4.823300000000000000e+04
4.282700000000000000e+04 3.536200000000000000e+04
9.501000000000000000e+03 4.128500000000000000e+04
3.924700000000000000e+04 1.698700000000000000e+04
3.712200000000000000e+04 5.677200000000000000e+04
2.911300000000000000e+04 1.061800000000000000e+04
5.959500000000000000e+04 1.214100000000000000e+04
5.365000000000000000e+03 5.343000000000000000e+04
3.763400000000000000e+04 4.960800000000000000e+04
9.566000000000000000e+03 3.066600000000000000e+04
4.036100000000000000e+04 2.866700000000000000e+04
6.018800000000000000e+04 4.595700000000000000e+04
1.962700000000000000e+04 6.157900000000000000e+04
4.736700000000000000e+04 8.368000000000000000e+03
2.496700000000000000e+04 2.844700000000000000e+04
5.600100000000000000e+04 3.512700000000000000e+04
1.487000000000000000e+04 1.509100000000000000e+04
4.465000000000000000e+04 6.069400000000000000e+04
1.107300000000000000e+04 4.357700000000000000e+04
2.091700000000000000e+04 7.988000000000000000e+03
5.827500000000000000e+04 3.475600000000000000e+04
2.522000000000000000e+04 2.582700000000000000e+04
4.569300000000000000e+04 9.727000000000000000e+03
2.045400000000000000e+04 6.298000000000000000e+04
6.098200000000000000e+04 5.099400000000000000e+04
4.532000000000000000e+04 2.218200000000000000e+04
1.059100000000000000e+04 2.990300000000000000e+04
3.522700000000000000e+04 4.831800000000000000e+04
5.325000000000000000e+03 5.459200000000000000e+04
6.237100000000000000e+04 9.588000000000000000e+03
2.901000000000000000e+04 1.088100000000000000e+04
3.760600000000000000e+04 5.566600000000000000e+04
5.511300000000000000e+04 4.026200000000000000e+04
5.126000000000000000e+03 4.342000000000000000e+04
4.099300000000000000e+04 3.553300000000000000e+04
5.063800000000000000e+04 4.802600000000000000e+04
2.594800000000000000e+04 5.586400000000000000e+04
4.317400000000000000e+04 4.190000000000000000e+03
8.876000000000000000e+03 1.093900000000000000e+04
4.229800000000000000e+04 5.468700000000000000e+04
3.108000000000000000e+04 4.373500000000000000e+04
4.538000000000000000e+03 2.581100000000000000e+04
5.385500000000000000e+04 2.410700000000000000e+04
4.312600000000000000e+04 4.694200000000000000e+04
1.227100000000000000e+04 5.080100000000000000e+04
5.972700000000000000e+04 2.030600000000000000e+04
2.730100000000000000e+04 1.679700000000000000e+04
3.671700000000000000e+04 3.809900000000000000e+04
1.141900000000000000e+04 3.978000000000000000e+03
1.689700000000000000e+04 3.865900000000000000e+04
1.510800000000000000e+04 4.218900000000000000e+04
2.044500000000000000e+04 6.402000000000000000e+03
5.633000000000000000e+04 5.789500000000000000e+04
2.615000000000000000e+04 2.285000000000000000e+04
