100 2
1.775790000000000000e+05 3.198650000000000000e+05
8.511660000000000000e+05 5.323820000000000000e+05
4.014920000000000000e+05 7.903360000000000000e+05
1.714710000000000000e+05 5.767870000000000000e+05
4.002570000000000000e+05 4.049360000000000000e+05
8.505330000000000000e+05 1.601360000000000000e+05
5.797120000000000000e+05 5.683540000000000000e+05
1.884240000000000000e+05 8.497850000000000000e+05
3.337870000000000000e+05 1.894230000000000000e+05
8.033700000000000000e+05 3.182470000000000000e+05
2.658150000000000000e+05 5.403850000000000000e+05
3.994600000000000000e+05 3.994100000000000000e+05
5.055120000000000000e+05 2.038570000000000000e+05
8.222930000000000000e+05 7.868370000000000000e+05
6.158260000000000000e+05 8.631680000000000000e+05
6.518280000000000000e+05 4.681380000000000000e+05
6.694090000000000000e+05 4.158930000000000000e+05
5.986340000000000000e+05 6.199000000000000000e+05
8.495370000000000000e+05 1.575100000000000000e+05
5.194210000000000000e+05 1.546810000000000000e+05
8.449480000000000000e+05 5.633210000000000000e+05
1.613450000000000000e+05 3.508040000000000000e+05
4.244760000000000000e+05 7.815520000000000000e+05
3.208210000000000000e+05 1.654550000000000000e+05
2.710930000000000000e+05 8.614120000000000000e+05
7.975940000000000000e+05 3.021090000000000000e+05
3.539790000000000000e+05 5.789230000000000000e+05
4.053250000000000000e+05 4.074660000000000000e+05
1.469240000000000000e+05 5.659330000000000000e+05
8.401000000000000000e+05 7.288390000000000000e+05
7.890950000000000000e+05 8.956340000000000000e+05
6.225500000000000000e+05 3.916010000000000000e+05
6.806460000000000000e+05 3.756620000000000000e+05
6.948970000000000000e+05 8.345910000000000000e+05
8.460900000000000000e+05 6.513060000000000000e+05
1.399780000000000000e+05 5.871530000000000000e+05
4.180460000000000000e+05 3.584610000000000000e+05
3.286570000000000000e+05 5.648640000000000000e+05
8.419280000000000000e+05 3.989480000000000000e+05
2.879660000000000000e+05 1.501350000000000000e+05
1.143110000000000000e+05 6.016050000000000000e+05
3.984780000000000000e+05 8.222970000000000000e+05
1.981970000000000000e+05 3.449330000000000000e+05
8.538740000000000000e+05 5.602500000000000000e+05
4.964760000000000000e+05 1.403370000000000000e+05
8.820970000000000000e+05 1.614930000000000000e+05
5.976200000000000000e+05 5.862260000000000000e+05
2.968920000000000000e+05 9.011820000000000000e+05
6.115470000000000000e+05 4.119520000000000000e+05
6.055350000000000000e+05 9.253410000000000000e+05
8.300650000000000000e+05 7.391620000000000000e+05
5.068120000000000000e+05 1.670310000000000000e+05
8.640590000000000000e+05 5.458940000000000000e+05
3.212160000000000000e+05 5.698340000000000000e+05
8.060870000000000000e+05 3.266360000000000000e+05
3.411370000000000000e+05 7.828700000000000000e+04
2.246810000000000000e+05 8.584320000000000000e+05
6.314460000000000000e+05 5.611560000000000000e+05
8.717800000000000000e+05 1.584860000000000000e+05
3.838780000000000000e+05 3.762300000000000000e+05
1.409620000000000000e+05 5.181680000000000000e+05
3.942740000000000000e+05 8.374280000000000000e+05
6.766940000000000000e+05 8.515970000000000000e+05
2.113600000000000000e+05 2.797940000000000000e+05
1.556250000000000000e+05 2.623210000000000000e+05
6.917160000000000000e+05 8.734260000000000000e+05
7.860320000000000000e+05 7.014270000000000000e+05
9.493300000000000000e+04 5.881470000000000000e+05
3.853380000000000000e+05 4.407970000000000000e+05
3.492960000000000000e+05 5.576880000000000000e+05
8.708010000000000000e+05 4.763300000000000000e+05
2.447990000000000000e+05 8.416880000000000000e+05
2.837860000000000000e+05 1.339730000000000000e+05
4.229610000000000000e+05 8.215950000000000000e+05
3.258830000000000000e+05 5.604920000000000000e+05
8.756400000000000000e+05 5.612620000000000000e+05
5.107390000000000000e+05 1.211030000000000000e+05
8.754100000000000000e+05 1.288780000000000000e+05
6.719190000000000000e+05 5.717610000000000000e+05
5.941120000000000000e+05 3.993310000000000000e+05
2.682890000000000000e+05 8.782650000000000000e+05
6.028730000000000000e+05 5.278640000000000000e+05
8.425760000000000000e+05 1.530720000000000000e+05
4.818410000000000000e+05 2.093370000000000000e+05
8.585370000000000000e+05 5.485760000000000000e+05
1.710740000000000000e+05 2.936100000000000000e+05
3.897130000000000000e+05 7.727420000000000000e+05
1.517010000000000000e+05 5.741460000000000000e+05
2.921930000000000000e+05 1.254170000000000000e+05
8.041190000000000000e+05 3.285440000000000000e+05
4.191510000000000000e+05 5.773350000000000000e+05
3.997170000000000000e+05 4.032570000000000000e+05
4.617010000000000000e+05 1.884380000000000000e+05
7.512150000000000000e+05 8.283650000000000000e+05
6.744960000000000000e+05 8.706640000000000000e+05
5.762350000000000000e+05 4.626120000000000000e+05
7.144430000000000000e+05 4.338760000000000000e+05
6.725440000000000000e+05 8.599780000000000000e+05
8.044740000000000000e+05 7.471220000000000000e+05
9.424900000000000000e+04 6.008120000000000000e+05
