100 2
7.524310000000000000e+05 4.744010000000000000e+05
4.810760000000000000e+05 8.293920000000000000e+05
2.573250000000000000e+05 7.423280000000000000e+05
1.081510000000000000e+05 2.555190000000000000e+05
2.000190000000000000e+05 3.849340000000000000e+05
8.039090000000000000e+05 1.434510000000000000e+05
8.479300000000000000e+05 6.395490000000000000e+05
6.319390000000000000e+05 7.154320000000000000e+05
3.647050000000000000e+05 3.932750000000000000e+05
5.584730000000000000e+05 2.348600000000000000e+05
4.544530000000000000e+05 6.016650000000000000e+05
1.423640000000000000e+05 5.339470000000000000e+05
3.719480000000000000e+05 1.638950000000000000e+05
5.115730000000000000e+05 3.565270000000000000e+05
6.986770000000000000e+05 1.939990000000000000e+05
8.085890000000000000e+05 7.936080000000000000e+05
8.050600000000000000e+05 7.855680000000000000e+05
9.385440000000000000e+05 6.803920000000000000e+05
8.074930000000000000e+05 2.416440000000000000e+05
5.015240000000000000e+05 2.303830000000000000e+05
5.915340000000000000e+05 7.834410000000000000e+05
7.402210000000000000e+05 4.887810000000000000e+05
2.254400000000000000e+05 7.772390000000000000e+05
4.881980000000000000e+05 3.210770000000000000e+05
6.871220000000000000e+05 7.385650000000000000e+05
6.294720000000000000e+05 2.762240000000000000e+05
4.444810000000000000e+05 6.112600000000000000e+05
1.726590000000000000e+05 5.223560000000000000e+05
1.463160000000000000e+05 2.052530000000000000e+05
5.414360000000000000e+05 4.634430000000000000e+05
6.846150000000000000e+05 1.500660000000000000e+05
7.744270000000000000e+05 7.885190000000000000e+05
8.178680000000000000e+05 7.937010000000000000e+05
6.969180000000000000e+05 1.977170000000000000e+05
6.582490000000000000e+05 4.588510000000000000e+05
2.079060000000000000e+05 2.524660000000000000e+05
1.952010000000000000e+05 5.485960000000000000e+05
4.330330000000000000e+05 5.968890000000000000e+05
4.615100000000000000e+05 2.125530000000000000e+05
3.677460000000000000e+05 4.127650000000000000e+05
2.040850000000000000e+05 1.816870000000000000e+05
2.432620000000000000e+05 7.381940000000000000e+05
7.879060000000000000e+05 5.586540000000000000e+05
5.029260000000000000e+05 8.250500000000000000e+05
3.210330000000000000e+05 1.435790000000000000e+05
8.352290000000000000e+05 2.319670000000000000e+05
8.510420000000000000e+05 6.203600000000000000e+05
5.927070000000000000e+05 6.694670000000000000e+05
8.423690000000000000e+05 7.812180000000000000e+05
6.054530000000000000e+05 2.540510000000000000e+05
5.027370000000000000e+05 4.143790000000000000e+05
4.006210000000000000e+05 1.600030000000000000e+05
4.766090000000000000e+05 8.963300000000000000e+05
4.286800000000000000e+05 6.394060000000000000e+05
5.607580000000000000e+05 2.507150000000000000e+05
3.726560000000000000e+05 4.138120000000000000e+05
6.546080000000000000e+05 7.170680000000000000e+05
8.657740000000000000e+05 6.541560000000000000e+05
7.434860000000000000e+05 2.101900000000000000e+05
1.950750000000000000e+05 4.690910000000000000e+05
1.090190000000000000e+05 2.768370000000000000e+05
2.386010000000000000e+05 7.695290000000000000e+05
6.795270000000000000e+05 1.493370000000000000e+05
7.839360000000000000e+05 4.958420000000000000e+05
6.914420000000000000e+05 5.111160000000000000e+05
7.133530000000000000e+05 1.579310000000000000e+05
5.986960000000000000e+05 4.264120000000000000e+05
1.527980000000000000e+05 2.424670000000000000e+05
2.206920000000000000e+05 4.769190000000000000e+05
4.588250000000000000e+05 6.080280000000000000e+05
5.659470000000000000e+05 2.539140000000000000e+05
6.323250000000000000e+05 7.181500000000000000e+05
3.180150000000000000e+05 4.265650000000000000e+05
3.076420000000000000e+05 7.688000000000000000e+05
4.666860000000000000e+05 5.644140000000000000e+05
5.248720000000000000e+05 7.960430000000000000e+05
3.766940000000000000e+05 1.221240000000000000e+05
8.236300000000000000e+05 2.513980000000000000e+05
8.337360000000000000e+05 6.377380000000000000e+05
8.170570000000000000e+05 7.999450000000000000e+05
6.418420000000000000e+05 7.029950000000000000e+05
8.362580000000000000e+05 6.387700000000000000e+05
8.082430000000000000e+05 2.454790000000000000e+05
4.312010000000000000e+05 1.116640000000000000e+05
5.361910000000000000e+05 8.658680000000000000e+05
7.095370000000000000e+05 5.291620000000000000e+05
2.541220000000000000e+05 7.454210000000000000e+05
1.659090000000000000e+05 2.304950000000000000e+05
3.817770000000000000e+05 3.984660000000000000e+05
4.907650000000000000e+05 2.713090000000000000e+05
4.450680000000000000e+05 5.854770000000000000e+05
2.098960000000000000e+05 4.298390000000000000e+05
2.996360000000000000e+05 1.185580000000000000e+05
4.895050000000000000e+05 4.200720000000000000e+05
6.991640000000000000e+05 8.266500000000000000e+04
8.527530000000000000e+05 7.991390000000000000e+05
7.821730000000000000e+05 7.970950000000000000e+05
6.818300000000000000e+05 1.521720000000000000e+05
4.483080000000000000e+05 3.600320000000000000e+05
1.518920000000000000e+05 2.416760000000000000e+05
