100 2
8.109280000000000000e+05 5.064680000000000000e+05
1.760230000000000000e+05 2.235350000000000000e+05
2.080730000000000000e+05 3.840640000000000000e+05
6.322360000000000000e+05 7.795060000000000000e+05
5.669480000000000000e+05 4.689910000000000000e+05
8.586970000000000000e+05 8.107830000000000000e+05
5.121440000000000000e+05 6.042650000000000000e+05
6.313550000000000000e+05 2.286620000000000000e+05
3.022470000000000000e+05 4.687350000000000000e+05
5.638150000000000000e+05 3.255530000000000000e+05
2.220570000000000000e+05 5.486490000000000000e+05
6.148570000000000000e+05 3.688110000000000000e+05
7.272820000000000000e+05 6.390160000000000000e+05
3.735770000000000000e+05 4.257520000000000000e+05
4.001350000000000000e+05 3.201960000000000000e+05
3.371540000000000000e+05 7.738730000000000000e+05
3.416570000000000000e+05 7.222110000000000000e+05
5.431340000000000000e+05 5.153870000000000000e+05
7.371630000000000000e+05 7.961210000000000000e+05
7.997210000000000000e+05 7.420000000000000000e+05
2.082840000000000000e+05 2.043910000000000000e+05
8.756160000000000000e+05 4.957840000000000000e+05
2.837870000000000000e+05 3.455600000000000000e+05
2.840230000000000000e+05 4.455290000000000000e+05
6.407910000000000000e+05 2.661020000000000000e+05
4.843310000000000000e+05 2.991240000000000000e+05
3.444290000000000000e+05 4.574560000000000000e+05
5.802990000000000000e+05 4.108350000000000000e+05
6.065380000000000000e+05 7.511560000000000000e+05
4.082670000000000000e+05 3.959760000000000000e+05
3.547340000000000000e+05 2.524420000000000000e+05
7.415890000000000000e+05 4.375290000000000000e+05
3.691440000000000000e+05 8.350180000000000000e+05
4.026150000000000000e+05 2.693640000000000000e+05
3.697200000000000000e+05 4.309160000000000000e+05
5.263450000000000000e+05 7.480790000000000000e+05
5.886310000000000000e+05 4.786830000000000000e+05
3.153730000000000000e+05 5.572200000000000000e+05
5.334570000000000000e+05 2.956480000000000000e+05
3.143550000000000000e+05 4.867000000000000000e+05
5.409680000000000000e+05 7.075060000000000000e+05
1.831360000000000000e+05 4.333520000000000000e+05
8.202330000000000000e+05 4.459660000000000000e+05
1.390870000000000000e+05 1.642040000000000000e+05
7.883340000000000000e+05 6.402630000000000000e+05
7.090720000000000000e+05 8.295540000000000000e+05
5.502190000000000000e+05 5.119030000000000000e+05
5.993940000000000000e+05 2.361260000000000000e+05
3.418520000000000000e+05 7.697280000000000000e+05
4.682260000000000000e+05 3.613360000000000000e+05
4.338060000000000000e+05 4.525930000000000000e+05
8.263580000000000000e+05 5.769910000000000000e+05
2.158750000000000000e+05 1.675070000000000000e+05
3.391670000000000000e+05 5.780440000000000000e+05
5.209720000000000000e+05 2.948340000000000000e+05
2.996470000000000000e+05 4.604760000000000000e+05
6.778770000000000000e+05 2.286740000000000000e+05
4.953710000000000000e+05 5.243030000000000000e+05
7.419970000000000000e+05 7.958850000000000000e+05
5.447870000000000000e+05 4.501760000000000000e+05
5.536540000000000000e+05 8.453740000000000000e+05
2.192990000000000000e+05 3.728490000000000000e+05
3.717910000000000000e+05 2.659000000000000000e+05
6.805090000000000000e+05 4.993740000000000000e+05
7.618040000000000000e+05 4.687880000000000000e+05
3.613430000000000000e+05 2.270740000000000000e+05
3.882420000000000000e+05 4.755140000000000000e+05
5.964880000000000000e+05 7.960240000000000000e+05
5.638430000000000000e+05 4.546730000000000000e+05
7.619470000000000000e+05 7.693380000000000000e+05
5.272680000000000000e+05 3.323730000000000000e+05
6.273980000000000000e+05 3.182920000000000000e+05
3.206660000000000000e+05 4.936890000000000000e+05
2.205290000000000000e+05 3.653230000000000000e+05
3.545750000000000000e+05 5.670960000000000000e+05
2.321610000000000000e+05 2.044100000000000000e+05
8.016540000000000000e+05 6.653790000000000000e+05
7.644170000000000000e+05 7.797110000000000000e+05
4.568990000000000000e+05 5.358570000000000000e+05
3.653730000000000000e+05 7.909160000000000000e+05
6.408010000000000000e+05 2.143450000000000000e+05
5.477980000000000000e+05 5.723990000000000000e+05
7.870950000000000000e+05 6.571280000000000000e+05
7.246590000000000000e+05 6.422750000000000000e+05
1.654780000000000000e+05 2.054060000000000000e+05
7.600880000000000000e+05 4.224670000000000000e+05
2.746050000000000000e+05 3.409650000000000000e+05
6.039690000000000000e+05 7.705260000000000000e+05
3.034430000000000000e+05 4.813750000000000000e+05
5.470750000000000000e+05 3.031000000000000000e+05
3.325620000000000000e+05 6.385160000000000000e+05
5.513260000000000000e+05 3.898830000000000000e+05
7.627280000000000000e+05 6.501650000000000000e+05
4.279870000000000000e+05 3.923200000000000000e+05
3.479540000000000000e+05 3.666390000000000000e+05
3.434360000000000000e+05 7.596860000000000000e+05
3.126760000000000000e+05 7.485950000000000000e+05
4.195910000000000000e+05 3.874370000000000000e+05
4.409980000000000000e+05 4.068100000000000000e+05
6.535110000000000000e+05 7.845970000000000000e+05
