300 2
2.470300000000000000e+04 5.533600000000000000e+04
4.978000000000000000e+03 2.261100000000000000e+04
3.721600000000000000e+04 4.210300000000000000e+04
1.553000000000000000e+04 3.965700000000000000e+04
4.145600000000000000e+04 2.747200000000000000e+04
5.893700000000000000e+04 5.980100000000000000e+04
5.305300000000000000e+04 4.926900000000000000e+04
6.631000000000000000e+03 5.378400000000000000e+04
4.760200000000000000e+04 5.875100000000000000e+04
6.056300000000000000e+04 4.939200000000000000e+04
3.860800000000000000e+04 5.746500000000000000e+04
5.072600000000000000e+04 2.574000000000000000e+04
5.555000000000000000e+03 4.142800000000000000e+04
2.423000000000000000e+04 4.357500000000000000e+04
2.631900000000000000e+04 2.553200000000000000e+04
1.481600000000000000e+04 5.517200000000000000e+04
8.769000000000000000e+03 5.231100000000000000e+04
5.231400000000000000e+04 4.037000000000000000e+04
5.665400000000000000e+04 3.480000000000000000e+04
4.396500000000000000e+04 3.375800000000000000e+04
8.960000000000000000e+03 2.934900000000000000e+04
3.101800000000000000e+04 5.973300000000000000e+04
4.434300000000000000e+04 4.633100000000000000e+04
1.372500000000000000e+04 4.490200000000000000e+04
4.309700000000000000e+04 5.552500000000000000e+04
5.968400000000000000e+04 4.614100000000000000e+04
3.647600000000000000e+04 3.865200000000000000e+04
4.715700000000000000e+04 2.546700000000000000e+04
7.549000000000000000e+03 3.953000000000000000e+04
3.733000000000000000e+04 4.749300000000000000e+04
1.606600000000000000e+04 2.686100000000000000e+04
1.930600000000000000e+04 6.005100000000000000e+04
1.736000000000000000e+04 5.565200000000000000e+04
1.779000000000000000e+04 2.319700000000000000e+04
3.097500000000000000e+04 4.464600000000000000e+04
9.035000000000000000e+03 3.585900000000000000e+04
5.067700000000000000e+04 2.368200000000000000e+04
3.636000000000000000e+04 3.762400000000000000e+04
5.901700000000000000e+04 5.128300000000000000e+04
4.631600000000000000e+04 5.651500000000000000e+04
1.251100000000000000e+04 4.421100000000000000e+04
3.655200000000000000e+04 4.227300000000000000e+04
2.541700000000000000e+04 5.748700000000000000e+04
7.254000000000000000e+03 3.009400000000000000e+04
4.148900000000000000e+04 2.800500000000000000e+04
5.206100000000000000e+04 3.648600000000000000e+04
5.371600000000000000e+04 4.404400000000000000e+04
7.543000000000000000e+03 5.336600000000000000e+04
1.227100000000000000e+04 5.080100000000000000e+04
2.639500000000000000e+04 2.880400000000000000e+04
2.417300000000000000e+04 4.251200000000000000e+04
4.282200000000000000e+04 3.625900000000000000e+04
5.980900000000000000e+04 2.741000000000000000e+04
3.553200000000000000e+04 5.750200000000000000e+04
4.630500000000000000e+04 4.595900000000000000e+04
4.596000000000000000e+04 5.917600000000000000e+04
1.059900000000000000e+04 6.075200000000000000e+04
6.130000000000000000e+04 4.527700000000000000e+04
5.619300000000000000e+04 5.730600000000000000e+04
4.545900000000000000e+04 2.843400000000000000e+04
1.518400000000000000e+04 3.481200000000000000e+04
3.885500000000000000e+04 4.931100000000000000e+04
5.356000000000000000e+03 2.610300000000000000e+04
2.162800000000000000e+04 6.044900000000000000e+04
2.006600000000000000e+04 6.100800000000000000e+04
5.851000000000000000e+03 2.393800000000000000e+04
3.358800000000000000e+04 4.967100000000000000e+04
7.915000000000000000e+03 3.695400000000000000e+04
4.523500000000000000e+04 2.540400000000000000e+04
3.351400000000000000e+04 3.414600000000000000e+04
5.932500000000000000e+04 4.897800000000000000e+04
8.247000000000000000e+03 6.029500000000000000e+04
4.527800000000000000e+04 5.963900000000000000e+04
4.444100000000000000e+04 4.408400000000000000e+04
3.079000000000000000e+04 5.947600000000000000e+04
5.956900000000000000e+04 2.889900000000000000e+04
4.265400000000000000e+04 3.619400000000000000e+04
2.500100000000000000e+04 4.562700000000000000e+04
5.271400000000000000e+04 4.173500000000000000e+04
1.045800000000000000e+04 5.007900000000000000e+04
2.975000000000000000e+03 5.477700000000000000e+04
5.185800000000000000e+04 4.940600000000000000e+04
5.557600000000000000e+04 3.570000000000000000e+04
4.189700000000000000e+04 3.133900000000000000e+04
8.944000000000000000e+03 3.057200000000000000e+04
2.517700000000000000e+04 5.524200000000000000e+04
3.976900000000000000e+04 4.424000000000000000e+04
1.386400000000000000e+04 4.115600000000000000e+04
4.444500000000000000e+04 5.494700000000000000e+04
6.016500000000000000e+04 4.905000000000000000e+04
3.353000000000000000e+04 5.692300000000000000e+04
4.981400000000000000e+04 2.276300000000000000e+04
5.443000000000000000e+03 4.451100000000000000e+04
3.318600000000000000e+04 4.352400000000000000e+04
2.501700000000000000e+04 2.628700000000000000e+04
1.690100000000000000e+04 5.381600000000000000e+04
1.996300000000000000e+04 6.020200000000000000e+04
1.483900000000000000e+04 2.526000000000000000e+04
3.178800000000000000e+04 4.529000000000000000e+04
1.080500000000000000e+04 3.765700000000000000e+04
5.010100000000000000e+04 2.502600000000000000e+04
3.495500000000000000e+04 3.622400000000000000e+04
5.981800000000000000e+04 4.580600000000000000e+04
4.055200000000000000e+04 5.475400000000000000e+04
1.481600000000000000e+04 4.292400000000000000e+04
3.872200000000000000e+04 4.465600000000000000e+04
2.731400000000000000e+04 5.932700000000000000e+04
9.675000000000000000e+03 2.940900000000000000e+04
4.351800000000000000e+04 3.447900000000000000e+04
5.568900000000000000e+04 3.595700000000000000e+04
5.222000000000000000e+04 4.057600000000000000e+04
6.873000000000000000e+03 5.164600000000000000e+04
1.044400000000000000e+04 5.104200000000000000e+04
2.613800000000000000e+04 2.699200000000000000e+04
2.339500000000000000e+04 4.524400000000000000e+04
6.984000000000000000e+03 4.391300000000000000e+04
5.915500000000000000e+04 2.703500000000000000e+04
3.708000000000000000e+04 5.600400000000000000e+04
6.050200000000000000e+04 5.333500000000000000e+04
4.721100000000000000e+04 6.006800000000000000e+04
1.049500000000000000e+04 5.990200000000000000e+04
5.001400000000000000e+04 4.907700000000000000e+04
5.719100000000000000e+04 5.852600000000000000e+04
3.850400000000000000e+04 2.887600000000000000e+04
1.407400000000000000e+04 3.708000000000000000e+04
3.500200000000000000e+04 4.728800000000000000e+04
3.397000000000000000e+03 2.716100000000000000e+04
2.839900000000000000e+04 5.753900000000000000e+04
1.990000000000000000e+04 6.071400000000000000e+04
3.360000000000000000e+03 2.306000000000000000e+04
3.801700000000000000e+04 4.927900000000000000e+04
1.594500000000000000e+04 3.798400000000000000e+04
4.521700000000000000e+04 2.768800000000000000e+04
5.617900000000000000e+04 6.040700000000000000e+04
4.932900000000000000e+04 4.437800000000000000e+04
1.021600000000000000e+04 6.015400000000000000e+04
4.751800000000000000e+04 5.928500000000000000e+04
4.346200000000000000e+04 4.563600000000000000e+04
3.318200000000000000e+04 5.851800000000000000e+04
6.021000000000000000e+04 2.723200000000000000e+04
1.296000000000000000e+03 4.145300000000000000e+04
2.233500000000000000e+04 4.458100000000000000e+04
2.599600000000000000e+04 2.776000000000000000e+04
8.881000000000000000e+03 5.111100000000000000e+04
4.915000000000000000e+03 5.580600000000000000e+04
5.333400000000000000e+04 4.171100000000000000e+04
5.871400000000000000e+04 3.366500000000000000e+04
4.074000000000000000e+04 3.087300000000000000e+04
8.467000000000000000e+03 2.866400000000000000e+04
3.144800000000000000e+04 5.992700000000000000e+04
3.673000000000000000e+04 4.205200000000000000e+04
1.492000000000000000e+04 4.266300000000000000e+04
4.607600000000000000e+04 5.622600000000000000e+04
6.162300000000000000e+04 4.438100000000000000e+04
3.571500000000000000e+04 3.898300000000000000e+04
4.938900000000000000e+04 2.484200000000000000e+04
1.035700000000000000e+04 3.489100000000000000e+04
3.125800000000000000e+04 4.552800000000000000e+04
1.685500000000000000e+04 2.663200000000000000e+04
1.492000000000000000e+04 5.029800000000000000e+04
1.855100000000000000e+04 5.468800000000000000e+04
2.645100000000000000e+04 2.853600000000000000e+04
3.025000000000000000e+04 4.333000000000000000e+04
8.891000000000000000e+03 4.218900000000000000e+04
4.994400000000000000e+04 2.427500000000000000e+04
3.755300000000000000e+04 5.811600000000000000e+04
6.134700000000000000e+04 4.996300000000000000e+04
4.719900000000000000e+04 5.906000000000000000e+04
1.608600000000000000e+04 3.811300000000000000e+04
3.753300000000000000e+04 4.578800000000000000e+04
2.655500000000000000e+04 5.583200000000000000e+04
9.281000000000000000e+03 2.869700000000000000e+04
3.961400000000000000e+04 3.078400000000000000e+04
5.924700000000000000e+04 5.786900000000000000e+04
5.246400000000000000e+04 4.755000000000000000e+04
6.202000000000000000e+03 5.636500000000000000e+04
1.100100000000000000e+04 4.873800000000000000e+04
5.378500000000000000e+04 4.303900000000000000e+04
2.195100000000000000e+04 4.357700000000000000e+04
4.466600000000000000e+04 3.701400000000000000e+04
6.005900000000000000e+04 2.873200000000000000e+04
2.822000000000000000e+04 6.236700000000000000e+04
4.098000000000000000e+04 4.648600000000000000e+04
1.287900000000000000e+04 4.569300000000000000e+04
1.163800000000000000e+04 6.035600000000000000e+04
6.041400000000000000e+04 4.505200000000000000e+04
3.522100000000000000e+04 3.674000000000000000e+04
4.372900000000000000e+04 2.486000000000000000e+04
9.614000000000000000e+03 3.512800000000000000e+04
3.657800000000000000e+04 4.818700000000000000e+04
1.764700000000000000e+04 2.492900000000000000e+04
1.926700000000000000e+04 6.259700000000000000e+04
1.841500000000000000e+04 5.770400000000000000e+04
3.032000000000000000e+03 2.390800000000000000e+04
3.633900000000000000e+04 5.117300000000000000e+04
9.096000000000000000e+03 3.785100000000000000e+04
4.751300000000000000e+04 2.682800000000000000e+04
5.740700000000000000e+04 5.950800000000000000e+04
5.920700000000000000e+04 4.533500000000000000e+04
1.290900000000000000e+04 5.893300000000000000e+04
4.684500000000000000e+04 6.127100000000000000e+04
4.419100000000000000e+04 4.611100000000000000e+04
2.787600000000000000e+04 5.834200000000000000e+04
6.208000000000000000e+04 2.784700000000000000e+04
4.288700000000000000e+04 3.569300000000000000e+04
2.453800000000000000e+04 4.359000000000000000e+04
2.668600000000000000e+04 2.849200000000000000e+04
9.254000000000000000e+03 5.078600000000000000e+04
4.899000000000000000e+03 5.437400000000000000e+04
5.090400000000000000e+04 4.947000000000000000e+04
5.444100000000000000e+04 3.609800000000000000e+04
3.851400000000000000e+04 2.662900000000000000e+04
9.819000000000000000e+03 3.004400000000000000e+04
2.614000000000000000e+04 5.535800000000000000e+04
3.684800000000000000e+04 4.487200000000000000e+04
1.370700000000000000e+04 4.212700000000000000e+04
4.378400000000000000e+04 5.281800000000000000e+04
6.080600000000000000e+04 5.298300000000000000e+04
3.575800000000000000e+04 6.138300000000000000e+04
5.258900000000000000e+04 2.494500000000000000e+04
2.835000000000000000e+03 4.310100000000000000e+04
3.165800000000000000e+04 4.540300000000000000e+04
1.518200000000000000e+04 2.661000000000000000e+04
1.591000000000000000e+04 5.583900000000000000e+04
1.956000000000000000e+04 6.018400000000000000e+04
1.760200000000000000e+04 2.654100000000000000e+04
2.955800000000000000e+04 4.659700000000000000e+04
8.418000000000000000e+03 3.734200000000000000e+04
4.702400000000000000e+04 2.610600000000000000e+04
3.474600000000000000e+04 3.719000000000000000e+04
6.103200000000000000e+04 4.403100000000000000e+04
4.195100000000000000e+04 5.506500000000000000e+04
1.401500000000000000e+04 4.316700000000000000e+04
4.591700000000000000e+04 4.676800000000000000e+04
2.978200000000000000e+04 6.134900000000000000e+04
1.087300000000000000e+04 2.815000000000000000e+04
4.426300000000000000e+04 3.365100000000000000e+04
5.588400000000000000e+04 3.362700000000000000e+04
5.584300000000000000e+04 4.346100000000000000e+04
4.515000000000000000e+03 5.419800000000000000e+04
1.733400000000000000e+04 5.433500000000000000e+04
2.819300000000000000e+04 2.935000000000000000e+04
2.177800000000000000e+04 4.536800000000000000e+04
6.181000000000000000e+03 4.301600000000000000e+04
6.156500000000000000e+04 2.657100000000000000e+04
3.845100000000000000e+04 5.901900000000000000e+04
6.016300000000000000e+04 5.292700000000000000e+04
4.826700000000000000e+04 5.921200000000000000e+04
7.865000000000000000e+03 5.866900000000000000e+04
4.966300000000000000e+04 5.042800000000000000e+04
5.786000000000000000e+04 5.800700000000000000e+04
4.142300000000000000e+04 3.224300000000000000e+04
1.457100000000000000e+04 3.639700000000000000e+04
3.817100000000000000e+04 4.348400000000000000e+04
5.601000000000000000e+03 2.453700000000000000e+04
2.685600000000000000e+04 5.868000000000000000e+04
2.787900000000000000e+04 5.398300000000000000e+04
5.526000000000000000e+03 2.349600000000000000e+04
3.722500000000000000e+04 5.157200000000000000e+04
1.383700000000000000e+04 3.521100000000000000e+04
3.779400000000000000e+04 2.910800000000000000e+04
5.704000000000000000e+04 5.923100000000000000e+04
5.149700000000000000e+04 4.776600000000000000e+04
8.460000000000000000e+03 5.997900000000000000e+04
4.713100000000000000e+04 5.771900000000000000e+04
5.880100000000000000e+04 5.276700000000000000e+04
3.731900000000000000e+04 5.587100000000000000e+04
5.987800000000000000e+04 2.670600000000000000e+04
4.788000000000000000e+03 4.031700000000000000e+04
2.282100000000000000e+04 4.576300000000000000e+04
2.538700000000000000e+04 2.809000000000000000e+04
1.651200000000000000e+04 5.078000000000000000e+04
6.960000000000000000e+03 4.986800000000000000e+04
5.206900000000000000e+04 4.219700000000000000e+04
5.479700000000000000e+04 3.499100000000000000e+04
4.538400000000000000e+04 3.653000000000000000e+04
1.036700000000000000e+04 2.677200000000000000e+04
3.107600000000000000e+04 5.848900000000000000e+04
4.379700000000000000e+04 4.507200000000000000e+04
1.485300000000000000e+04 4.318200000000000000e+04
4.509000000000000000e+04 5.723500000000000000e+04
6.176100000000000000e+04 4.852100000000000000e+04
3.399700000000000000e+04 3.539900000000000000e+04
5.363000000000000000e+04 2.439900000000000000e+04
8.227000000000000000e+03 3.913900000000000000e+04
2.998900000000000000e+04 4.302400000000000000e+04
1.720600000000000000e+04 2.670000000000000000e+04
2.134900000000000000e+04 6.196800000000000000e+04
1.822800000000000000e+04 5.560100000000000000e+04
1.689300000000000000e+04 2.512200000000000000e+04
2.963900000000000000e+04 4.392000000000000000e+04
3.940000000000000000e+03 4.118800000000000000e+04
5.087000000000000000e+04 2.534400000000000000e+04
3.575600000000000000e+04 5.688300000000000000e+04
6.174400000000000000e+04 5.393900000000000000e+04
4.260800000000000000e+04 5.363600000000000000e+04
1.382400000000000000e+04 3.737800000000000000e+04
4.117300000000000000e+04 4.529700000000000000e+04
2.588800000000000000e+04 5.449100000000000000e+04
8.945000000000000000e+03 2.855800000000000000e+04
