300 2
7.524310000000000000e+05 4.744010000000000000e+05
4.810760000000000000e+05 8.293920000000000000e+05
2.573250000000000000e+05 7.423280000000000000e+05
1.081510000000000000e+05 2.555190000000000000e+05
2.000190000000000000e+05 3.849340000000000000e+05
8.039090000000000000e+05 1.434510000000000000e+05
8.479300000000000000e+05 6.395490000000000000e+05
6.319390000000000000e+05 7.154320000000000000e+05
3.647050000000000000e+05 3.932750000000000000e+05
5.584730000000000000e+05 2.348600000000000000e+05
4.544530000000000000e+05 6.016650000000000000e+05
1.423640000000000000e+05 5.339470000000000000e+05
3.719480000000000000e+05 1.638950000000000000e+05
5.115730000000000000e+05 3.565270000000000000e+05
6.986770000000000000e+05 1.939990000000000000e+05
8.085890000000000000e+05 7.936080000000000000e+05
8.050600000000000000e+05 7.855680000000000000e+05
9.385440000000000000e+05 6.803920000000000000e+05
8.074930000000000000e+05 2.416440000000000000e+05
5.015240000000000000e+05 2.303830000000000000e+05
5.915340000000000000e+05 7.834410000000000000e+05
7.402210000000000000e+05 4.887810000000000000e+05
2.254400000000000000e+05 7.772390000000000000e+05
4.881980000000000000e+05 3.210770000000000000e+05
6.871220000000000000e+05 7.385650000000000000e+05
6.294720000000000000e+05 2.762240000000000000e+05
4.444810000000000000e+05 6.112600000000000000e+05
1.726590000000000000e+05 5.223560000000000000e+05
1.463160000000000000e+05 2.052530000000000000e+05
5.414360000000000000e+05 4.634430000000000000e+05
6.846150000000000000e+05 1.500660000000000000e+05
7.744270000000000000e+05 7.885190000000000000e+05
8.178680000000000000e+05 7.937010000000000000e+05
6.969180000000000000e+05 1.977170000000000000e+05
6.582490000000000000e+05 4.588510000000000000e+05
2.079060000000000000e+05 2.524660000000000000e+05
1.952010000000000000e+05 5.485960000000000000e+05
4.330330000000000000e+05 5.968890000000000000e+05
4.615100000000000000e+05 2.125530000000000000e+05
3.677460000000000000e+05 4.127650000000000000e+05
2.040850000000000000e+05 1.816870000000000000e+05
2.432620000000000000e+05 7.381940000000000000e+05
7.879060000000000000e+05 5.586540000000000000e+05
5.029260000000000000e+05 8.250500000000000000e+05
3.210330000000000000e+05 1.435790000000000000e+05
8.352290000000000000e+05 2.319670000000000000e+05
8.510420000000000000e+05 6.203600000000000000e+05
5.927070000000000000e+05 6.694670000000000000e+05
8.423690000000000000e+05 7.812180000000000000e+05
6.054530000000000000e+05 2.540510000000000000e+05
5.027370000000000000e+05 4.143790000000000000e+05
4.006210000000000000e+05 1.600030000000000000e+05
4.766090000000000000e+05 8.963300000000000000e+05
4.286800000000000000e+05 6.394060000000000000e+05
5.607580000000000000e+05 2.507150000000000000e+05
3.726560000000000000e+05 4.138120000000000000e+05
6.546080000000000000e+05 7.170680000000000000e+05
8.657740000000000000e+05 6.541560000000000000e+05
7.434860000000000000e+05 2.101900000000000000e+05
1.950750000000000000e+05 4.690910000000000000e+05
1.090190000000000000e+05 2.768370000000000000e+05
2.386010000000000000e+05 7.695290000000000000e+05
6.795270000000000000e+05 1.493370000000000000e+05
7.839360000000000000e+05 4.958420000000000000e+05
6.914420000000000000e+05 5.111160000000000000e+05
7.133530000000000000e+05 1.579310000000000000e+05
5.986960000000000000e+05 4.264120000000000000e+05
1.527980000000000000e+05 2.424670000000000000e+05
2.206920000000000000e+05 4.769190000000000000e+05
4.588250000000000000e+05 6.080280000000000000e+05
5.659470000000000000e+05 2.539140000000000000e+05
6.323250000000000000e+05 7.181500000000000000e+05
3.180150000000000000e+05 4.265650000000000000e+05
3.076420000000000000e+05 7.688000000000000000e+05
4.666860000000000000e+05 5.644140000000000000e+05
5.248720000000000000e+05 7.960430000000000000e+05
3.766940000000000000e+05 1.221240000000000000e+05
8.236300000000000000e+05 2.513980000000000000e+05
8.337360000000000000e+05 6.377380000000000000e+05
8.170570000000000000e+05 7.999450000000000000e+05
6.418420000000000000e+05 7.029950000000000000e+05
8.362580000000000000e+05 6.387700000000000000e+05
8.082430000000000000e+05 2.454790000000000000e+05
4.312010000000000000e+05 1.116640000000000000e+05
5.361910000000000000e+05 8.658680000000000000e+05
7.095370000000000000e+05 5.291620000000000000e+05
2.541220000000000000e+05 7.454210000000000000e+05
1.659090000000000000e+05 2.304950000000000000e+05
3.817770000000000000e+05 3.984660000000000000e+05
4.907650000000000000e+05 2.713090000000000000e+05
4.450680000000000000e+05 5.854770000000000000e+05
2.098960000000000000e+05 4.298390000000000000e+05
2.996360000000000000e+05 1.185580000000000000e+05
4.895050000000000000e+05 4.200720000000000000e+05
6.991640000000000000e+05 8.266500000000000000e+04
8.527530000000000000e+05 7.991390000000000000e+05
7.821730000000000000e+05 7.970950000000000000e+05
6.818300000000000000e+05 1.521720000000000000e+05
4.483080000000000000e+05 3.600320000000000000e+05
1.518920000000000000e+05 2.416760000000000000e+05
1.634230000000000000e+05 3.839350000000000000e+05
4.428840000000000000e+05 6.345670000000000000e+05
5.539600000000000000e+05 2.610060000000000000e+05
6.388800000000000000e+05 7.020530000000000000e+05
3.463230000000000000e+05 3.832000000000000000e+05
2.169100000000000000e+05 7.141470000000000000e+05
7.547840000000000000e+05 4.864740000000000000e+05
5.315360000000000000e+05 9.224460000000000000e+05
3.672350000000000000e+05 1.749570000000000000e+05
8.578350000000000000e+05 1.796090000000000000e+05
8.288130000000000000e+05 6.226560000000000000e+05
6.557930000000000000e+05 7.057940000000000000e+05
8.094350000000000000e+05 7.976830000000000000e+05
7.475000000000000000e+05 1.569570000000000000e+05
5.405900000000000000e+05 5.007160000000000000e+05
4.204150000000000000e+05 9.190400000000000000e+04
5.739750000000000000e+05 8.884250000000000000e+05
4.446460000000000000e+05 6.113990000000000000e+05
5.776130000000000000e+05 2.803320000000000000e+05
3.485030000000000000e+05 3.883280000000000000e+05
5.825020000000000000e+05 7.342320000000000000e+05
8.360650000000000000e+05 6.437350000000000000e+05
7.926970000000000000e+05 2.266420000000000000e+05
1.986620000000000000e+05 4.852790000000000000e+05
1.713430000000000000e+05 2.748160000000000000e+05
1.685960000000000000e+05 7.488790000000000000e+05
4.082890000000000000e+05 8.617850000000000000e+05
7.310190000000000000e+05 4.886900000000000000e+05
6.747260000000000000e+05 4.837790000000000000e+05
5.738230000000000000e+05 8.925080000000000000e+05
4.033940000000000000e+05 7.777480000000000000e+05
1.040760000000000000e+05 2.379870000000000000e+05
1.970630000000000000e+05 5.029850000000000000e+05
7.269640000000000000e+05 2.440680000000000000e+05
8.505480000000000000e+05 6.394700000000000000e+05
6.363570000000000000e+05 7.101480000000000000e+05
3.664150000000000000e+05 3.828280000000000000e+05
5.717030000000000000e+05 2.828340000000000000e+05
4.307600000000000000e+05 6.236980000000000000e+05
5.060230000000000000e+05 8.165010000000000000e+05
4.228310000000000000e+05 2.516150000000000000e+05
5.187550000000000000e+05 4.552410000000000000e+05
6.796750000000000000e+05 1.457410000000000000e+05
7.939720000000000000e+05 7.841710000000000000e+05
6.282660000000000000e+05 7.140480000000000000e+05
8.253340000000000000e+05 6.263990000000000000e+05
7.784760000000000000e+05 2.600390000000000000e+05
3.407310000000000000e+05 2.165740000000000000e+05
4.525810000000000000e+05 8.454310000000000000e+05
7.430710000000000000e+05 4.960170000000000000e+05
2.520490000000000000e+05 7.339910000000000000e+05
3.108360000000000000e+05 4.533670000000000000e+05
3.675370000000000000e+05 3.921350000000000000e+05
6.356030000000000000e+05 2.580290000000000000e+05
4.429730000000000000e+05 6.099020000000000000e+05
1.993680000000000000e+05 4.738780000000000000e+05
1.709850000000000000e+05 2.090260000000000000e+05
5.698190000000000000e+05 3.898300000000000000e+05
6.523250000000000000e+05 1.551400000000000000e+05
8.150140000000000000e+05 7.905240000000000000e+05
8.191650000000000000e+05 8.106160000000000000e+05
6.831930000000000000e+05 1.535850000000000000e+05
4.750650000000000000e+05 4.554940000000000000e+05
3.650970000000000000e+05 2.303230000000000000e+05
3.195800000000000000e+05 4.860400000000000000e+05
4.515080000000000000e+05 6.198730000000000000e+05
5.428730000000000000e+05 2.813380000000000000e+05
4.100850000000000000e+05 3.820040000000000000e+05
2.174180000000000000e+05 2.748690000000000000e+05
3.353310000000000000e+05 8.187330000000000000e+05
7.968700000000000000e+05 4.933500000000000000e+05
5.077110000000000000e+05 8.566660000000000000e+05
4.062970000000000000e+05 1.260690000000000000e+05
8.544340000000000000e+05 1.822730000000000000e+05
8.938410000000000000e+05 7.180710000000000000e+05
5.922220000000000000e+05 6.935170000000000000e+05
8.417460000000000000e+05 7.655330000000000000e+05
8.275580000000000000e+05 6.231700000000000000e+05
8.604000000000000000e+05 3.043130000000000000e+05
2.970480000000000000e+05 1.016070000000000000e+05
4.126900000000000000e+05 9.299370000000000000e+05
6.673080000000000000e+05 4.994920000000000000e+05
2.410190000000000000e+05 7.551720000000000000e+05
3.807790000000000000e+05 3.741900000000000000e+05
6.386440000000000000e+05 7.183840000000000000e+05
6.545330000000000000e+05 2.349250000000000000e+05
4.248230000000000000e+05 6.323100000000000000e+05
2.307720000000000000e+05 4.693000000000000000e+05
1.924080000000000000e+05 2.122550000000000000e+05
5.506660000000000000e+05 3.587760000000000000e+05
7.085970000000000000e+05 2.212900000000000000e+05
7.317170000000000000e+05 4.809120000000000000e+05
7.747900000000000000e+05 5.055360000000000000e+05
6.838940000000000000e+05 1.487110000000000000e+05
4.875080000000000000e+05 4.101300000000000000e+05
1.267250000000000000e+05 2.558920000000000000e+05
1.972460000000000000e+05 4.118560000000000000e+05
8.096510000000000000e+05 2.435020000000000000e+05
5.959230000000000000e+05 3.019610000000000000e+05
6.147910000000000000e+05 7.554670000000000000e+05
3.755940000000000000e+05 3.879630000000000000e+05
2.008970000000000000e+05 7.245200000000000000e+05
4.408690000000000000e+05 6.417670000000000000e+05
5.257950000000000000e+05 8.421770000000000000e+05
4.032370000000000000e+05 1.117270000000000000e+05
6.057220000000000000e+05 3.651310000000000000e+05
6.334500000000000000e+05 2.013360000000000000e+05
8.461720000000000000e+05 7.872460000000000000e+05
5.751690000000000000e+05 6.789030000000000000e+05
8.753200000000000000e+05 5.889460000000000000e+05
7.864600000000000000e+05 2.863140000000000000e+05
4.343980000000000000e+05 1.676200000000000000e+05
5.050210000000000000e+05 7.266920000000000000e+05
7.856550000000000000e+05 5.088440000000000000e+05
2.415690000000000000e+05 7.341250000000000000e+05
1.784160000000000000e+05 2.325600000000000000e+05
4.485530000000000000e+05 3.866560000000000000e+05
6.272720000000000000e+05 2.538820000000000000e+05
4.762830000000000000e+05 4.647820000000000000e+05
1.990600000000000000e+05 5.191000000000000000e+05
1.670880000000000000e+05 2.312350000000000000e+05
5.493200000000000000e+05 4.622070000000000000e+05
6.934380000000000000e+05 1.964530000000000000e+05
8.463080000000000000e+05 8.103230000000000000e+05
8.106420000000000000e+05 7.976940000000000000e+05
6.724970000000000000e+05 1.538150000000000000e+05
6.569280000000000000e+05 4.271420000000000000e+05
1.710730000000000000e+05 2.709120000000000000e+05
1.404540000000000000e+05 5.570080000000000000e+05
4.479200000000000000e+05 5.602150000000000000e+05
6.014650000000000000e+05 2.332130000000000000e+05
6.036510000000000000e+05 7.242900000000000000e+05
3.941270000000000000e+05 3.735400000000000000e+05
3.183200000000000000e+05 7.853560000000000000e+05
7.151690000000000000e+05 4.857930000000000000e+05
5.433650000000000000e+05 9.048610000000000000e+05
3.973070000000000000e+05 1.237040000000000000e+05
8.111220000000000000e+05 2.342270000000000000e+05
8.432230000000000000e+05 6.328720000000000000e+05
6.753060000000000000e+05 7.593220000000000000e+05
8.342530000000000000e+05 8.065350000000000000e+05
6.866390000000000000e+05 1.808240000000000000e+05
5.906100000000000000e+05 3.630740000000000000e+05
3.340350000000000000e+05 1.889170000000000000e+05
1.927570000000000000e+05 4.845500000000000000e+05
4.265960000000000000e+05 6.689660000000000000e+05
5.610550000000000000e+05 2.255120000000000000e+05
3.657350000000000000e+05 3.939810000000000000e+05
6.152470000000000000e+05 7.172510000000000000e+05
8.691230000000000000e+05 6.608700000000000000e+05
8.673800000000000000e+05 2.086710000000000000e+05
1.916880000000000000e+05 4.478450000000000000e+05
2.201770000000000000e+05 2.216740000000000000e+05
2.750580000000000000e+05 7.138870000000000000e+05
4.721120000000000000e+05 8.757290000000000000e+05
7.707340000000000000e+05 5.130470000000000000e+05
7.815180000000000000e+05 4.918020000000000000e+05
4.703490000000000000e+05 9.271420000000000000e+05
1.622240000000000000e+05 6.852000000000000000e+05
1.494850000000000000e+05 2.219960000000000000e+05
2.421610000000000000e+05 4.491040000000000000e+05
8.175410000000000000e+05 1.289340000000000000e+05
8.703400000000000000e+05 6.085060000000000000e+05
6.423020000000000000e+05 7.202190000000000000e+05
3.671730000000000000e+05 3.937410000000000000e+05
5.623050000000000000e+05 2.759140000000000000e+05
4.454210000000000000e+05 6.112660000000000000e+05
5.134260000000000000e+05 8.328070000000000000e+05
4.713110000000000000e+05 2.174090000000000000e+05
5.876650000000000000e+05 4.421460000000000000e+05
7.237960000000000000e+05 6.250800000000000000e+04
8.102330000000000000e+05 7.979930000000000000e+05
6.296940000000000000e+05 7.062310000000000000e+05
8.233640000000000000e+05 6.208700000000000000e+05
7.622280000000000000e+05 1.700360000000000000e+05
3.955230000000000000e+05 1.417190000000000000e+05
4.947690000000000000e+05 8.918640000000000000e+05
7.663430000000000000e+05 4.707880000000000000e+05
2.679280000000000000e+05 7.219040000000000000e+05
3.714990000000000000e+05 4.263120000000000000e+05
6.677830000000000000e+05 7.149770000000000000e+05
5.686820000000000000e+05 2.349350000000000000e+05
4.427660000000000000e+05 6.142790000000000000e+05
2.003600000000000000e+05 4.804470000000000000e+05
1.582040000000000000e+05 2.586090000000000000e+05
6.478430000000000000e+05 4.710240000000000000e+05
6.798360000000000000e+05 1.490440000000000000e+05
8.018520000000000000e+05 7.974300000000000000e+05
8.825530000000000000e+05 7.825450000000000000e+05
6.770560000000000000e+05 1.832400000000000000e+05
5.605000000000000000e+05 4.392670000000000000e+05
1.763530000000000000e+05 2.397060000000000000e+05
2.174450000000000000e+05 4.895340000000000000e+05
4.411820000000000000e+05 5.952930000000000000e+05
5.320440000000000000e+05 2.419570000000000000e+05
3.551850000000000000e+05 4.025330000000000000e+05
1.502770000000000000e+05 2.381320000000000000e+05
2.410200000000000000e+05 7.605960000000000000e+05
7.866370000000000000e+05 4.490430000000000000e+05
6.157300000000000000e+05 8.972140000000000000e+05
