1000 2
2.470300000000000000e+04 5.533600000000000000e+04
4.978000000000000000e+03 2.261100000000000000e+04
3.721600000000000000e+04 4.210300000000000000e+04
1.553000000000000000e+04 3.965700000000000000e+04
4.145600000000000000e+04 2.747200000000000000e+04
5.893700000000000000e+04 5.980100000000000000e+04
5.305300000000000000e+04 4.926900000000000000e+04
6.631000000000000000e+03 5.378400000000000000e+04
4.760200000000000000e+04 5.875100000000000000e+04
6.056300000000000000e+04 4.939200000000000000e+04
3.860800000000000000e+04 5.746500000000000000e+04
5.072600000000000000e+04 2.574000000000000000e+04
5.555000000000000000e+03 4.142800000000000000e+04
2.423000000000000000e+04 4.357500000000000000e+04
2.631900000000000000e+04 2.553200000000000000e+04
1.481600000000000000e+04 5.517200000000000000e+04
8.769000000000000000e+03 5.231100000000000000e+04
5.231400000000000000e+04 4.037000000000000000e+04
5.665400000000000000e+04 3.480000000000000000e+04
4.396500000000000000e+04 3.375800000000000000e+04
8.960000000000000000e+03 2.934900000000000000e+04
3.101800000000000000e+04 5.973300000000000000e+04
4.434300000000000000e+04 4.633100000000000000e+04
1.372500000000000000e+04 4.490200000000000000e+04
4.309700000000000000e+04 5.552500000000000000e+04
5.968400000000000000e+04 4.614100000000000000e+04
3.647600000000000000e+04 3.865200000000000000e+04
4.715700000000000000e+04 2.546700000000000000e+04
7.549000000000000000e+03 3.953000000000000000e+04
3.733000000000000000e+04 4.749300000000000000e+04
1.606600000000000000e+04 2.686100000000000000e+04
1.930600000000000000e+04 6.005100000000000000e+04
1.736000000000000000e+04 5.565200000000000000e+04
1.779000000000000000e+04 2.319700000000000000e+04
3.097500000000000000e+04 4.464600000000000000e+04
9.035000000000000000e+03 3.585900000000000000e+04
5.067700000000000000e+04 2.368200000000000000e+04
3.636000000000000000e+04 3.762400000000000000e+04
5.901700000000000000e+04 5.128300000000000000e+04
4.631600000000000000e+04 5.651500000000000000e+04
1.251100000000000000e+04 4.421100000000000000e+04
3.655200000000000000e+04 4.227300000000000000e+04
2.541700000000000000e+04 5.748700000000000000e+04
7.254000000000000000e+03 3.009400000000000000e+04
4.148900000000000000e+04 2.800500000000000000e+04
5.206100000000000000e+04 3.648600000000000000e+04
5.371600000000000000e+04 4.404400000000000000e+04
7.543000000000000000e+03 5.336600000000000000e+04
1.227100000000000000e+04 5.080100000000000000e+04
2.639500000000000000e+04 2.880400000000000000e+04
2.417300000000000000e+04 4.251200000000000000e+04
4.282200000000000000e+04 3.625900000000000000e+04
5.980900000000000000e+04 2.741000000000000000e+04
3.553200000000000000e+04 5.750200000000000000e+04
4.630500000000000000e+04 4.595900000000000000e+04
4.596000000000000000e+04 5.917600000000000000e+04
1.059900000000000000e+04 6.075200000000000000e+04
6.130000000000000000e+04 4.527700000000000000e+04
5.619300000000000000e+04 5.730600000000000000e+04
4.545900000000000000e+04 2.843400000000000000e+04
1.518400000000000000e+04 3.481200000000000000e+04
3.885500000000000000e+04 4.931100000000000000e+04
5.356000000000000000e+03 2.610300000000000000e+04
2.162800000000000000e+04 6.044900000000000000e+04
2.006600000000000000e+04 6.100800000000000000e+04
5.851000000000000000e+03 2.393800000000000000e+04
3.358800000000000000e+04 4.967100000000000000e+04
7.915000000000000000e+03 3.695400000000000000e+04
4.523500000000000000e+04 2.540400000000000000e+04
3.351400000000000000e+04 3.414600000000000000e+04
5.932500000000000000e+04 4.897800000000000000e+04
8.247000000000000000e+03 6.029500000000000000e+04
4.527800000000000000e+04 5.963900000000000000e+04
4.444100000000000000e+04 4.408400000000000000e+04
3.079000000000000000e+04 5.947600000000000000e+04
5.956900000000000000e+04 2.889900000000000000e+04
4.265400000000000000e+04 3.619400000000000000e+04
2.500100000000000000e+04 4.562700000000000000e+04
5.271400000000000000e+04 4.173500000000000000e+04
1.045800000000000000e+04 5.007900000000000000e+04
2.975000000000000000e+03 5.477700000000000000e+04
5.185800000000000000e+04 4.940600000000000000e+04
5.557600000000000000e+04 3.570000000000000000e+04
4.189700000000000000e+04 3.133900000000000000e+04
8.944000000000000000e+03 3.057200000000000000e+04
2.517700000000000000e+04 5.524200000000000000e+04
3.976900000000000000e+04 4.424000000000000000e+04
1.386400000000000000e+04 4.115600000000000000e+04
4.444500000000000000e+04 5.494700000000000000e+04
6.016500000000000000e+04 4.905000000000000000e+04
3.353000000000000000e+04 5.692300000000000000e+04
4.981400000000000000e+04 2.276300000000000000e+04
5.443000000000000000e+03 4.451100000000000000e+04
3.318600000000000000e+04 4.352400000000000000e+04
2.501700000000000000e+04 2.628700000000000000e+04
1.690100000000000000e+04 5.381600000000000000e+04
1.996300000000000000e+04 6.020200000000000000e+04
1.483900000000000000e+04 2.526000000000000000e+04
3.178800000000000000e+04 4.529000000000000000e+04
1.080500000000000000e+04 3.765700000000000000e+04
5.010100000000000000e+04 2.502600000000000000e+04
3.495500000000000000e+04 3.622400000000000000e+04
5.981800000000000000e+04 4.580600000000000000e+04
4.055200000000000000e+04 5.475400000000000000e+04
1.481600000000000000e+04 4.292400000000000000e+04
3.872200000000000000e+04 4.465600000000000000e+04
2.731400000000000000e+04 5.932700000000000000e+04
9.675000000000000000e+03 2.940900000000000000e+04
4.351800000000000000e+04 3.447900000000000000e+04
5.568900000000000000e+04 3.595700000000000000e+04
5.222000000000000000e+04 4.057600000000000000e+04
6.873000000000000000e+03 5.164600000000000000e+04
1.044400000000000000e+04 5.104200000000000000e+04
2.613800000000000000e+04 2.699200000000000000e+04
2.339500000000000000e+04 4.524400000000000000e+04
6.984000000000000000e+03 4.391300000000000000e+04
5.915500000000000000e+04 2.703500000000000000e+04
3.708000000000000000e+04 5.600400000000000000e+04
6.050200000000000000e+04 5.333500000000000000e+04
4.721100000000000000e+04 6.006800000000000000e+04
1.049500000000000000e+04 5.990200000000000000e+04
5.001400000000000000e+04 4.907700000000000000e+04
5.719100000000000000e+04 5.852600000000000000e+04
3.850400000000000000e+04 2.887600000000000000e+04
1.407400000000000000e+04 3.708000000000000000e+04
3.500200000000000000e+04 4.728800000000000000e+04
3.397000000000000000e+03 2.716100000000000000e+04
2.839900000000000000e+04 5.753900000000000000e+04
1.990000000000000000e+04 6.071400000000000000e+04
3.360000000000000000e+03 2.306000000000000000e+04
3.801700000000000000e+04 4.927900000000000000e+04
1.594500000000000000e+04 3.798400000000000000e+04
4.521700000000000000e+04 2.768800000000000000e+04
5.617900000000000000e+04 6.040700000000000000e+04
4.932900000000000000e+04 4.437800000000000000e+04
1.021600000000000000e+04 6.015400000000000000e+04
4.751800000000000000e+04 5.928500000000000000e+04
4.346200000000000000e+04 4.563600000000000000e+04
3.318200000000000000e+04 5.851800000000000000e+04
6.021000000000000000e+04 2.723200000000000000e+04
1.296000000000000000e+03 4.145300000000000000e+04
2.233500000000000000e+04 4.458100000000000000e+04
2.599600000000000000e+04 2.776000000000000000e+04
8.881000000000000000e+03 5.111100000000000000e+04
4.915000000000000000e+03 5.580600000000000000e+04
5.333400000000000000e+04 4.171100000000000000e+04
5.871400000000000000e+04 3.366500000000000000e+04
4.074000000000000000e+04 3.087300000000000000e+04
8.467000000000000000e+03 2.866400000000000000e+04
3.144800000000000000e+04 5.992700000000000000e+04
3.673000000000000000e+04 4.205200000000000000e+04
1.492000000000000000e+04 4.266300000000000000e+04
4.607600000000000000e+04 5.622600000000000000e+04
6.162300000000000000e+04 4.438100000000000000e+04
3.571500000000000000e+04 3.898300000000000000e+04
4.938900000000000000e+04 2.484200000000000000e+04
1.035700000000000000e+04 3.489100000000000000e+04
3.125800000000000000e+04 4.552800000000000000e+04
1.685500000000000000e+04 2.663200000000000000e+04
1.492000000000000000e+04 5.029800000000000000e+04
1.855100000000000000e+04 5.468800000000000000e+04
2.645100000000000000e+04 2.853600000000000000e+04
3.025000000000000000e+04 4.333000000000000000e+04
8.891000000000000000e+03 4.218900000000000000e+04
4.994400000000000000e+04 2.427500000000000000e+04
3.755300000000000000e+04 5.811600000000000000e+04
6.134700000000000000e+04 4.996300000000000000e+04
4.719900000000000000e+04 5.906000000000000000e+04
1.608600000000000000e+04 3.811300000000000000e+04
3.753300000000000000e+04 4.578800000000000000e+04
2.655500000000000000e+04 5.583200000000000000e+04
9.281000000000000000e+03 2.869700000000000000e+04
3.961400000000000000e+04 3.078400000000000000e+04
5.924700000000000000e+04 5.786900000000000000e+04
5.246400000000000000e+04 4.755000000000000000e+04
6.202000000000000000e+03 5.636500000000000000e+04
1.100100000000000000e+04 4.873800000000000000e+04
5.378500000000000000e+04 4.303900000000000000e+04
2.195100000000000000e+04 4.357700000000000000e+04
4.466600000000000000e+04 3.701400000000000000e+04
6.005900000000000000e+04 2.873200000000000000e+04
2.822000000000000000e+04 6.236700000000000000e+04
4.098000000000000000e+04 4.648600000000000000e+04
1.287900000000000000e+04 4.569300000000000000e+04
1.163800000000000000e+04 6.035600000000000000e+04
6.041400000000000000e+04 4.505200000000000000e+04
3.522100000000000000e+04 3.674000000000000000e+04
4.372900000000000000e+04 2.486000000000000000e+04
9.614000000000000000e+03 3.512800000000000000e+04
3.657800000000000000e+04 4.818700000000000000e+04
1.764700000000000000e+04 2.492900000000000000e+04
1.926700000000000000e+04 6.259700000000000000e+04
1.841500000000000000e+04 5.770400000000000000e+04
3.032000000000000000e+03 2.390800000000000000e+04
3.633900000000000000e+04 5.117300000000000000e+04
9.096000000000000000e+03 3.785100000000000000e+04
4.751300000000000000e+04 2.682800000000000000e+04
5.740700000000000000e+04 5.950800000000000000e+04
5.920700000000000000e+04 4.533500000000000000e+04
1.290900000000000000e+04 5.893300000000000000e+04
4.684500000000000000e+04 6.127100000000000000e+04
4.419100000000000000e+04 4.611100000000000000e+04
2.787600000000000000e+04 5.834200000000000000e+04
6.208000000000000000e+04 2.784700000000000000e+04
4.288700000000000000e+04 3.569300000000000000e+04
2.453800000000000000e+04 4.359000000000000000e+04
2.668600000000000000e+04 2.849200000000000000e+04
9.254000000000000000e+03 5.078600000000000000e+04
4.899000000000000000e+03 5.437400000000000000e+04
5.090400000000000000e+04 4.947000000000000000e+04
5.444100000000000000e+04 3.609800000000000000e+04
3.851400000000000000e+04 2.662900000000000000e+04
9.819000000000000000e+03 3.004400000000000000e+04
2.614000000000000000e+04 5.535800000000000000e+04
3.684800000000000000e+04 4.487200000000000000e+04
1.370700000000000000e+04 4.212700000000000000e+04
4.378400000000000000e+04 5.281800000000000000e+04
6.080600000000000000e+04 5.298300000000000000e+04
3.575800000000000000e+04 6.138300000000000000e+04
5.258900000000000000e+04 2.494500000000000000e+04
2.835000000000000000e+03 4.310100000000000000e+04
3.165800000000000000e+04 4.540300000000000000e+04
1.518200000000000000e+04 2.661000000000000000e+04
1.591000000000000000e+04 5.583900000000000000e+04
1.956000000000000000e+04 6.018400000000000000e+04
1.760200000000000000e+04 2.654100000000000000e+04
2.955800000000000000e+04 4.659700000000000000e+04
8.418000000000000000e+03 3.734200000000000000e+04
4.702400000000000000e+04 2.610600000000000000e+04
3.474600000000000000e+04 3.719000000000000000e+04
6.103200000000000000e+04 4.403100000000000000e+04
4.195100000000000000e+04 5.506500000000000000e+04
1.401500000000000000e+04 4.316700000000000000e+04
4.591700000000000000e+04 4.676800000000000000e+04
2.978200000000000000e+04 6.134900000000000000e+04
1.087300000000000000e+04 2.815000000000000000e+04
4.426300000000000000e+04 3.365100000000000000e+04
5.588400000000000000e+04 3.362700000000000000e+04
5.584300000000000000e+04 4.346100000000000000e+04
4.515000000000000000e+03 5.419800000000000000e+04
1.733400000000000000e+04 5.433500000000000000e+04
2.819300000000000000e+04 2.935000000000000000e+04
2.177800000000000000e+04 4.536800000000000000e+04
6.181000000000000000e+03 4.301600000000000000e+04
6.156500000000000000e+04 2.657100000000000000e+04
3.845100000000000000e+04 5.901900000000000000e+04
6.016300000000000000e+04 5.292700000000000000e+04
4.826700000000000000e+04 5.921200000000000000e+04
7.865000000000000000e+03 5.866900000000000000e+04
4.966300000000000000e+04 5.042800000000000000e+04
5.786000000000000000e+04 5.800700000000000000e+04
4.142300000000000000e+04 3.224300000000000000e+04
1.457100000000000000e+04 3.639700000000000000e+04
3.817100000000000000e+04 4.348400000000000000e+04
5.601000000000000000e+03 2.453700000000000000e+04
2.685600000000000000e+04 5.868000000000000000e+04
2.787900000000000000e+04 5.398300000000000000e+04
5.526000000000000000e+03 2.349600000000000000e+04
3.722500000000000000e+04 5.157200000000000000e+04
1.383700000000000000e+04 3.521100000000000000e+04
3.779400000000000000e+04 2.910800000000000000e+04
5.704000000000000000e+04 5.923100000000000000e+04
5.149700000000000000e+04 4.776600000000000000e+04
8.460000000000000000e+03 5.997900000000000000e+04
4.713100000000000000e+04 5.771900000000000000e+04
5.880100000000000000e+04 5.276700000000000000e+04
3.731900000000000000e+04 5.587100000000000000e+04
5.987800000000000000e+04 2.670600000000000000e+04
4.788000000000000000e+03 4.031700000000000000e+04
2.282100000000000000e+04 4.576300000000000000e+04
2.538700000000000000e+04 2.809000000000000000e+04
1.651200000000000000e+04 5.078000000000000000e+04
6.960000000000000000e+03 4.986800000000000000e+04
5.206900000000000000e+04 4.219700000000000000e+04
5.479700000000000000e+04 3.499100000000000000e+04
4.538400000000000000e+04 3.653000000000000000e+04
1.036700000000000000e+04 2.677200000000000000e+04
3.107600000000000000e+04 5.848900000000000000e+04
4.379700000000000000e+04 4.507200000000000000e+04
1.485300000000000000e+04 4.318200000000000000e+04
4.509000000000000000e+04 5.723500000000000000e+04
6.176100000000000000e+04 4.852100000000000000e+04
3.399700000000000000e+04 3.539900000000000000e+04
5.363000000000000000e+04 2.439900000000000000e+04
8.227000000000000000e+03 3.913900000000000000e+04
2.998900000000000000e+04 4.302400000000000000e+04
1.720600000000000000e+04 2.670000000000000000e+04
2.134900000000000000e+04 6.196800000000000000e+04
1.822800000000000000e+04 5.560100000000000000e+04
1.689300000000000000e+04 2.512200000000000000e+04
2.963900000000000000e+04 4.392000000000000000e+04
3.940000000000000000e+03 4.118800000000000000e+04
5.087000000000000000e+04 2.534400000000000000e+04
3.575600000000000000e+04 5.688300000000000000e+04
6.174400000000000000e+04 5.393900000000000000e+04
4.260800000000000000e+04 5.363600000000000000e+04
1.382400000000000000e+04 3.737800000000000000e+04
4.117300000000000000e+04 4.529700000000000000e+04
2.588800000000000000e+04 5.449100000000000000e+04
8.945000000000000000e+03 2.855800000000000000e+04
4.052000000000000000e+04 2.850300000000000000e+04
5.510600000000000000e+04 3.547900000000000000e+04
5.080100000000000000e+04 4.859500000000000000e+04
6.435000000000000000e+03 5.267200000000000000e+04
1.140200000000000000e+04 4.903700000000000000e+04
5.228800000000000000e+04 4.240800000000000000e+04
2.467600000000000000e+04 4.351600000000000000e+04
4.527700000000000000e+04 3.512700000000000000e+04
5.755400000000000000e+04 2.640100000000000000e+04
2.921800000000000000e+04 5.984200000000000000e+04
4.546200000000000000e+04 4.601500000000000000e+04
4.696600000000000000e+04 5.640500000000000000e+04
8.577000000000000000e+03 6.145500000000000000e+04
6.076300000000000000e+04 4.592500000000000000e+04
5.891100000000000000e+04 5.600400000000000000e+04
4.463900000000000000e+04 2.668900000000000000e+04
9.675000000000000000e+03 3.802800000000000000e+04
3.698800000000000000e+04 5.137600000000000000e+04
3.793000000000000000e+03 2.295800000000000000e+04
1.845300000000000000e+04 6.186800000000000000e+04
2.000300000000000000e+04 6.095500000000000000e+04
1.852700000000000000e+04 2.368500000000000000e+04
3.482900000000000000e+04 5.019700000000000000e+04
1.402400000000000000e+04 4.038400000000000000e+04
4.608100000000000000e+04 2.690900000000000000e+04
3.889600000000000000e+04 3.887400000000000000e+04
5.891100000000000000e+04 4.623000000000000000e+04
9.888000000000000000e+03 6.060900000000000000e+04
1.334300000000000000e+04 4.257700000000000000e+04
4.632500000000000000e+04 4.646500000000000000e+04
3.035400000000000000e+04 6.145600000000000000e+04
6.073800000000000000e+04 2.855900000000000000e+04
4.234100000000000000e+04 3.470200000000000000e+04
5.409200000000000000e+04 3.414100000000000000e+04
4.983200000000000000e+04 4.154800000000000000e+04
1.168200000000000000e+04 4.937700000000000000e+04
5.325000000000000000e+03 5.459200000000000000e+04
5.194600000000000000e+04 4.660500000000000000e+04
5.918300000000000000e+04 5.824500000000000000e+04
4.092600000000000000e+04 2.908400000000000000e+04
5.567000000000000000e+03 2.253100000000000000e+04
2.622800000000000000e+04 5.497600000000000000e+04
3.863100000000000000e+04 4.238200000000000000e+04
1.609000000000000000e+04 3.654900000000000000e+04
4.641500000000000000e+04 5.845000000000000000e+04
6.168200000000000000e+04 5.116100000000000000e+04
3.782800000000000000e+04 5.785100000000000000e+04
5.079900000000000000e+04 2.224200000000000000e+04
6.176000000000000000e+03 4.361900000000000000e+04
2.859800000000000000e+04 4.257700000000000000e+04
2.643200000000000000e+04 2.894400000000000000e+04
1.719100000000000000e+04 5.613100000000000000e+04
1.660000000000000000e+04 5.301800000000000000e+04
1.571800000000000000e+04 2.549700000000000000e+04
3.171300000000000000e+04 4.579800000000000000e+04
9.340000000000000000e+03 3.835800000000000000e+04
5.078000000000000000e+04 2.458000000000000000e+04
3.732100000000000000e+04 3.646100000000000000e+04
5.749000000000000000e+04 5.044800000000000000e+04
4.339200000000000000e+04 5.496800000000000000e+04
1.150500000000000000e+04 4.240000000000000000e+04
3.614700000000000000e+04 4.586400000000000000e+04
2.954000000000000000e+04 5.935200000000000000e+04
8.346000000000000000e+03 2.946700000000000000e+04
3.874200000000000000e+04 3.062400000000000000e+04
5.686100000000000000e+04 3.840500000000000000e+04
5.173700000000000000e+04 4.081400000000000000e+04
6.618000000000000000e+03 5.317900000000000000e+04
1.080900000000000000e+04 5.080000000000000000e+04
2.394000000000000000e+04 2.750500000000000000e+04
2.517700000000000000e+04 4.224700000000000000e+04
4.329700000000000000e+04 3.650000000000000000e+04
6.150900000000000000e+04 2.390300000000000000e+04
3.413600000000000000e+04 5.830800000000000000e+04
4.333800000000000000e+04 4.609900000000000000e+04
4.747400000000000000e+04 6.034900000000000000e+04
1.044900000000000000e+04 6.218900000000000000e+04
5.058700000000000000e+04 4.883800000000000000e+04
5.531500000000000000e+04 5.910500000000000000e+04
4.765000000000000000e+04 2.753300000000000000e+04
1.478400000000000000e+04 3.934200000000000000e+04
3.685400000000000000e+04 5.115100000000000000e+04
7.582000000000000000e+03 2.521200000000000000e+04
2.131200000000000000e+04 5.936800000000000000e+04
2.317200000000000000e+04 5.690200000000000000e+04
5.257000000000000000e+03 2.514600000000000000e+04
3.416800000000000000e+04 5.093800000000000000e+04
1.742800000000000000e+04 3.700000000000000000e+04
4.635500000000000000e+04 2.559400000000000000e+04
5.608900000000000000e+04 5.945300000000000000e+04
5.027700000000000000e+04 4.960700000000000000e+04
1.117500000000000000e+04 5.926400000000000000e+04
4.804200000000000000e+04 6.090700000000000000e+04
4.347800000000000000e+04 4.560800000000000000e+04
3.649900000000000000e+04 5.738900000000000000e+04
6.037300000000000000e+04 2.880700000000000000e+04
2.450000000000000000e+03 4.194600000000000000e+04
2.088700000000000000e+04 4.367100000000000000e+04
2.619300000000000000e+04 2.517800000000000000e+04
8.558000000000000000e+03 4.940900000000000000e+04
4.714000000000000000e+03 5.700100000000000000e+04
5.451900000000000000e+04 4.364200000000000000e+04
5.795200000000000000e+04 3.607000000000000000e+04
4.255800000000000000e+04 3.384400000000000000e+04
9.142000000000000000e+03 2.919100000000000000e+04
3.158200000000000000e+04 6.173200000000000000e+04
3.827600000000000000e+04 4.413100000000000000e+04
1.435000000000000000e+04 4.217500000000000000e+04
4.412300000000000000e+04 5.402700000000000000e+04
6.060600000000000000e+04 4.755300000000000000e+04
3.670600000000000000e+04 3.548100000000000000e+04
5.101900000000000000e+04 2.224400000000000000e+04
1.095200000000000000e+04 3.858300000000000000e+04
3.015000000000000000e+04 4.551400000000000000e+04
1.792800000000000000e+04 2.557600000000000000e+04
1.591700000000000000e+04 5.293100000000000000e+04
1.684400000000000000e+04 5.482100000000000000e+04
2.673100000000000000e+04 2.787600000000000000e+04
2.966900000000000000e+04 4.476400000000000000e+04
5.556000000000000000e+03 4.264500000000000000e+04
5.060300000000000000e+04 2.360200000000000000e+04
3.669500000000000000e+04 5.748400000000000000e+04
5.724200000000000000e+04 4.988800000000000000e+04
4.527000000000000000e+04 5.217900000000000000e+04
1.641400000000000000e+04 3.607600000000000000e+04
3.761100000000000000e+04 4.369600000000000000e+04
2.536900000000000000e+04 5.541400000000000000e+04
1.085700000000000000e+04 2.991100000000000000e+04
4.022700000000000000e+04 2.941500000000000000e+04
5.890100000000000000e+04 6.011400000000000000e+04
4.899500000000000000e+04 4.789400000000000000e+04
3.988000000000000000e+03 5.654200000000000000e+04
1.021500000000000000e+04 4.954000000000000000e+04
5.465800000000000000e+04 4.129500000000000000e+04
2.432200000000000000e+04 4.446000000000000000e+04
4.419700000000000000e+04 3.734000000000000000e+04
6.190100000000000000e+04 2.752500000000000000e+04
2.716100000000000000e+04 5.816900000000000000e+04
4.457000000000000000e+04 4.708000000000000000e+04
1.497300000000000000e+04 4.405000000000000000e+04
1.047300000000000000e+04 6.098900000000000000e+04
6.170800000000000000e+04 4.588300000000000000e+04
3.395000000000000000e+04 3.714200000000000000e+04
4.613800000000000000e+04 2.588500000000000000e+04
8.508000000000000000e+03 3.672300000000000000e+04
3.607700000000000000e+04 5.133000000000000000e+04
2.584000000000000000e+03 2.478400000000000000e+04
2.080200000000000000e+04 6.114300000000000000e+04
2.050900000000000000e+04 5.992800000000000000e+04
7.090000000000000000e+03 2.438100000000000000e+04
3.566000000000000000e+04 5.028700000000000000e+04
1.393100000000000000e+04 3.786200000000000000e+04
4.503800000000000000e+04 2.634500000000000000e+04
5.577500000000000000e+04 6.058600000000000000e+04
6.111200000000000000e+04 4.548400000000000000e+04
1.031500000000000000e+04 6.030100000000000000e+04
4.607000000000000000e+04 5.736000000000000000e+04
4.577900000000000000e+04 4.729700000000000000e+04
2.992300000000000000e+04 6.035500000000000000e+04
5.869100000000000000e+04 2.406400000000000000e+04
4.489600000000000000e+04 3.729000000000000000e+04
2.346000000000000000e+04 4.714900000000000000e+04
2.469000000000000000e+04 2.843300000000000000e+04
1.264000000000000000e+04 4.978100000000000000e+04
4.290000000000000000e+03 5.233300000000000000e+04
5.339800000000000000e+04 4.377000000000000000e+04
5.696600000000000000e+04 3.605400000000000000e+04
4.213500000000000000e+04 3.044300000000000000e+04
8.838000000000000000e+03 3.006800000000000000e+04
2.684100000000000000e+04 5.421500000000000000e+04
3.790900000000000000e+04 4.400700000000000000e+04
1.270700000000000000e+04 4.473200000000000000e+04
4.483400000000000000e+04 5.621000000000000000e+04
5.975300000000000000e+04 5.259100000000000000e+04
3.645200000000000000e+04 3.739000000000000000e+04
4.966400000000000000e+04 2.211400000000000000e+04
4.134000000000000000e+03 4.208000000000000000e+04
2.776600000000000000e+04 4.420400000000000000e+04
1.763600000000000000e+04 2.372600000000000000e+04
1.449000000000000000e+04 5.270800000000000000e+04
2.081200000000000000e+04 6.277900000000000000e+04
1.688600000000000000e+04 2.507900000000000000e+04
3.022600000000000000e+04 4.563600000000000000e+04
8.290000000000000000e+03 4.001800000000000000e+04
4.064100000000000000e+04 2.382600000000000000e+04
3.731100000000000000e+04 3.751700000000000000e+04
6.226200000000000000e+04 4.690300000000000000e+04
4.155800000000000000e+04 5.464900000000000000e+04
1.396200000000000000e+04 4.198800000000000000e+04
4.414900000000000000e+04 4.650700000000000000e+04
3.049900000000000000e+04 6.155800000000000000e+04
8.628000000000000000e+03 2.681100000000000000e+04
4.127300000000000000e+04 3.506700000000000000e+04
5.480400000000000000e+04 3.453000000000000000e+04
5.531700000000000000e+04 4.156700000000000000e+04
9.725000000000000000e+03 4.937200000000000000e+04
1.964800000000000000e+04 5.415700000000000000e+04
2.477900000000000000e+04 2.972200000000000000e+04
2.191000000000000000e+04 4.368500000000000000e+04
4.470000000000000000e+03 4.344100000000000000e+04
5.057800000000000000e+04 2.357200000000000000e+04
3.576100000000000000e+04 5.821600000000000000e+04
5.864700000000000000e+04 5.353300000000000000e+04
4.826800000000000000e+04 5.878000000000000000e+04
1.190700000000000000e+04 5.906200000000000000e+04
5.113500000000000000e+04 4.761100000000000000e+04
5.611300000000000000e+04 5.839100000000000000e+04
4.225300000000000000e+04 2.907600000000000000e+04
1.852900000000000000e+04 3.660800000000000000e+04
3.892800000000000000e+04 4.420000000000000000e+04
5.649000000000000000e+03 2.657600000000000000e+04
2.868900000000000000e+04 5.757700000000000000e+04
2.644000000000000000e+04 5.626900000000000000e+04
2.194000000000000000e+03 2.688500000000000000e+04
3.727700000000000000e+04 4.331800000000000000e+04
1.619300000000000000e+04 3.625900000000000000e+04
4.246200000000000000e+04 3.029600000000000000e+04
5.690200000000000000e+04 5.867200000000000000e+04
5.124500000000000000e+04 5.013700000000000000e+04
1.024500000000000000e+04 6.072100000000000000e+04
4.646300000000000000e+04 5.971000000000000000e+04
5.944700000000000000e+04 5.135500000000000000e+04
3.495100000000000000e+04 5.794500000000000000e+04
5.788600000000000000e+04 2.725600000000000000e+04
3.633000000000000000e+03 4.213200000000000000e+04
2.541900000000000000e+04 4.390600000000000000e+04
2.569100000000000000e+04 2.837900000000000000e+04
1.374200000000000000e+04 5.387600000000000000e+04
1.089600000000000000e+04 4.916500000000000000e+04
5.316400000000000000e+04 4.236500000000000000e+04
5.456000000000000000e+04 3.503200000000000000e+04
4.278500000000000000e+04 3.322800000000000000e+04
1.083600000000000000e+04 2.822200000000000000e+04
2.975400000000000000e+04 6.311200000000000000e+04
4.512200000000000000e+04 4.644100000000000000e+04
1.197700000000000000e+04 4.329500000000000000e+04
4.453800000000000000e+04 5.431900000000000000e+04
6.107700000000000000e+04 4.588000000000000000e+04
3.592800000000000000e+04 3.844500000000000000e+04
4.560900000000000000e+04 2.608500000000000000e+04
1.144100000000000000e+04 3.796000000000000000e+04
3.321800000000000000e+04 4.796700000000000000e+04
1.749600000000000000e+04 2.631800000000000000e+04
2.221100000000000000e+04 5.849800000000000000e+04
1.699200000000000000e+04 5.181500000000000000e+04
1.423800000000000000e+04 2.714000000000000000e+04
3.120700000000000000e+04 4.586100000000000000e+04
2.359000000000000000e+03 4.344200000000000000e+04
4.738100000000000000e+04 2.397000000000000000e+04
3.504500000000000000e+04 3.521200000000000000e+04
5.920000000000000000e+04 5.280200000000000000e+04
4.380300000000000000e+04 5.369200000000000000e+04
1.356200000000000000e+04 4.169000000000000000e+04
3.735600000000000000e+04 4.322300000000000000e+04
2.673200000000000000e+04 5.685400000000000000e+04
8.393000000000000000e+03 2.989500000000000000e+04
4.089200000000000000e+04 2.703700000000000000e+04
5.650500000000000000e+04 3.445700000000000000e+04
5.328800000000000000e+04 4.857700000000000000e+04
5.607000000000000000e+03 5.342000000000000000e+04
1.089300000000000000e+04 4.908900000000000000e+04
2.531500000000000000e+04 2.935300000000000000e+04
2.210200000000000000e+04 4.238300000000000000e+04
4.602500000000000000e+04 3.359000000000000000e+04
6.167100000000000000e+04 2.928400000000000000e+04
2.836800000000000000e+04 6.090800000000000000e+04
4.392500000000000000e+04 4.539000000000000000e+04
4.705800000000000000e+04 5.837300000000000000e+04
1.305000000000000000e+04 6.166200000000000000e+04
6.070500000000000000e+04 4.636600000000000000e+04
5.715000000000000000e+04 5.827800000000000000e+04
4.419500000000000000e+04 2.466200000000000000e+04
1.856400000000000000e+04 3.696300000000000000e+04
3.522700000000000000e+04 5.059500000000000000e+04
2.920000000000000000e+03 2.268700000000000000e+04
1.959500000000000000e+04 5.836200000000000000e+04
1.976200000000000000e+04 6.077000000000000000e+04
1.651800000000000000e+04 2.466300000000000000e+04
3.729600000000000000e+04 4.905600000000000000e+04
8.056000000000000000e+03 3.797600000000000000e+04
4.264800000000000000e+04 2.555700000000000000e+04
3.415800000000000000e+04 3.669300000000000000e+04
5.834800000000000000e+04 4.828700000000000000e+04
8.957000000000000000e+03 5.963900000000000000e+04
1.300400000000000000e+04 4.530400000000000000e+04
4.400900000000000000e+04 4.575300000000000000e+04
3.167000000000000000e+04 6.114300000000000000e+04
5.899400000000000000e+04 2.522200000000000000e+04
4.494600000000000000e+04 3.471800000000000000e+04
2.323200000000000000e+04 4.599300000000000000e+04
5.438900000000000000e+04 4.190300000000000000e+04
1.298900000000000000e+04 4.896900000000000000e+04
2.642000000000000000e+03 5.524100000000000000e+04
4.948600000000000000e+04 4.947600000000000000e+04
5.665600000000000000e+04 5.935800000000000000e+04
4.326600000000000000e+04 2.945400000000000000e+04
1.098800000000000000e+04 3.241600000000000000e+04
2.953300000000000000e+04 5.604100000000000000e+04
4.042100000000000000e+04 4.328600000000000000e+04
1.564300000000000000e+04 3.707100000000000000e+04
4.339400000000000000e+04 5.534300000000000000e+04
6.233600000000000000e+04 5.428900000000000000e+04
3.460400000000000000e+04 5.966900000000000000e+04
4.924200000000000000e+04 2.148900000000000000e+04
7.826000000000000000e+03 4.335800000000000000e+04
2.984100000000000000e+04 4.501300000000000000e+04
2.811100000000000000e+04 2.853500000000000000e+04
1.558900000000000000e+04 5.604700000000000000e+04
1.602800000000000000e+04 5.592900000000000000e+04
1.883200000000000000e+04 2.749700000000000000e+04
3.240500000000000000e+04 4.657000000000000000e+04
1.117200000000000000e+04 3.744100000000000000e+04
4.716000000000000000e+04 2.369800000000000000e+04
3.494600000000000000e+04 3.773500000000000000e+04
6.128500000000000000e+04 4.454400000000000000e+04
4.280500000000000000e+04 5.634500000000000000e+04
1.343700000000000000e+04 4.392100000000000000e+04
3.863300000000000000e+04 4.493600000000000000e+04
3.074200000000000000e+04 6.392400000000000000e+04
9.311000000000000000e+03 3.044500000000000000e+04
3.902600000000000000e+04 2.821800000000000000e+04
5.646500000000000000e+04 3.611700000000000000e+04
5.314200000000000000e+04 4.342200000000000000e+04
5.039000000000000000e+03 5.222100000000000000e+04
8.626000000000000000e+03 5.163400000000000000e+04
2.373000000000000000e+04 2.657200000000000000e+04
2.458100000000000000e+04 4.247900000000000000e+04
3.367000000000000000e+03 4.273200000000000000e+04
5.987600000000000000e+04 2.783800000000000000e+04
3.558100000000000000e+04 5.657500000000000000e+04
4.218800000000000000e+04 4.486400000000000000e+04
4.603500000000000000e+04 5.923700000000000000e+04
8.542000000000000000e+03 5.977000000000000000e+04
5.035000000000000000e+04 4.807000000000000000e+04
5.695100000000000000e+04 6.009100000000000000e+04
4.225500000000000000e+04 2.540100000000000000e+04
1.685400000000000000e+04 3.838000000000000000e+04
3.577000000000000000e+04 5.204200000000000000e+04
5.621000000000000000e+03 2.182700000000000000e+04
2.581900000000000000e+04 5.775300000000000000e+04
2.269700000000000000e+04 5.879700000000000000e+04
3.974000000000000000e+03 2.451300000000000000e+04
3.540000000000000000e+04 4.926600000000000000e+04
1.069300000000000000e+04 4.014100000000000000e+04
4.688600000000000000e+04 2.592900000000000000e+04
5.785800000000000000e+04 5.621300000000000000e+04
4.954100000000000000e+04 4.753200000000000000e+04
1.083700000000000000e+04 5.720200000000000000e+04
4.594200000000000000e+04 6.227700000000000000e+04
4.443600000000000000e+04 4.737400000000000000e+04
3.525900000000000000e+04 5.718200000000000000e+04
6.221700000000000000e+04 2.810400000000000000e+04
4.904300000000000000e+04 3.499300000000000000e+04
2.265300000000000000e+04 4.299300000000000000e+04
2.640800000000000000e+04 2.943800000000000000e+04
1.113300000000000000e+04 4.830200000000000000e+04
5.849000000000000000e+03 5.380300000000000000e+04
5.401400000000000000e+04 4.320800000000000000e+04
5.582800000000000000e+04 3.387600000000000000e+04
4.033200000000000000e+04 2.757200000000000000e+04
8.716000000000000000e+03 2.942500000000000000e+04
2.408900000000000000e+04 5.685000000000000000e+04
3.854100000000000000e+04 4.542200000000000000e+04
1.489600000000000000e+04 4.261800000000000000e+04
4.214400000000000000e+04 5.609500000000000000e+04
6.121300000000000000e+04 4.991600000000000000e+04
3.531600000000000000e+04 3.342300000000000000e+04
5.165800000000000000e+04 2.545100000000000000e+04
8.944000000000000000e+03 3.791900000000000000e+04
2.889200000000000000e+04 4.476300000000000000e+04
1.666900000000000000e+04 2.410200000000000000e+04
1.777000000000000000e+04 5.417300000000000000e+04
1.736900000000000000e+04 5.673400000000000000e+04
2.529400000000000000e+04 2.748000000000000000e+04
2.354600000000000000e+04 4.436000000000000000e+04
6.925000000000000000e+03 4.017200000000000000e+04
5.210700000000000000e+04 2.115000000000000000e+04
3.527500000000000000e+04 5.748800000000000000e+04
5.863300000000000000e+04 5.415600000000000000e+04
4.900700000000000000e+04 6.080400000000000000e+04
1.495800000000000000e+04 3.887100000000000000e+04
3.581200000000000000e+04 4.423700000000000000e+04
2.752500000000000000e+04 5.451300000000000000e+04
3.246000000000000000e+03 2.192400000000000000e+04
4.217300000000000000e+04 2.952100000000000000e+04
5.791100000000000000e+04 5.916100000000000000e+04
4.853600000000000000e+04 4.902100000000000000e+04
4.593000000000000000e+03 5.642800000000000000e+04
1.332200000000000000e+04 4.930200000000000000e+04
5.389400000000000000e+04 4.378000000000000000e+04
5.820700000000000000e+04 3.266800000000000000e+04
4.371800000000000000e+04 3.503100000000000000e+04
6.139600000000000000e+04 2.729300000000000000e+04
3.113400000000000000e+04 5.867600000000000000e+04
4.549200000000000000e+04 4.518400000000000000e+04
1.122200000000000000e+04 4.300500000000000000e+04
4.143000000000000000e+04 5.437200000000000000e+04
5.819700000000000000e+04 4.471400000000000000e+04
3.620800000000000000e+04 3.647000000000000000e+04
4.101700000000000000e+04 2.537300000000000000e+04
8.419000000000000000e+03 3.938100000000000000e+04
3.510300000000000000e+04 5.085700000000000000e+04
1.816400000000000000e+04 2.580000000000000000e+04
1.820100000000000000e+04 6.172100000000000000e+04
1.962700000000000000e+04 6.157900000000000000e+04
4.207000000000000000e+03 2.259500000000000000e+04
3.455700000000000000e+04 4.967200000000000000e+04
9.515000000000000000e+03 3.585400000000000000e+04
4.409500000000000000e+04 2.550000000000000000e+04
3.337600000000000000e+04 3.655100000000000000e+04
5.863400000000000000e+04 4.370300000000000000e+04
1.033800000000000000e+04 6.047000000000000000e+04
4.797500000000000000e+04 6.161000000000000000e+04
4.440300000000000000e+04 4.546200000000000000e+04
3.081200000000000000e+04 5.835200000000000000e+04
6.253100000000000000e+04 2.555400000000000000e+04
4.282700000000000000e+04 3.536200000000000000e+04
2.300000000000000000e+04 4.468000000000000000e+04
5.376900000000000000e+04 4.378600000000000000e+04
1.147600000000000000e+04 4.785300000000000000e+04
4.079000000000000000e+03 5.246800000000000000e+04
5.042200000000000000e+04 4.979400000000000000e+04
5.236600000000000000e+04 3.305300000000000000e+04
3.879100000000000000e+04 2.841700000000000000e+04
8.989000000000000000e+03 3.160500000000000000e+04
2.599100000000000000e+04 5.819100000000000000e+04
3.734400000000000000e+04 4.524400000000000000e+04
1.757800000000000000e+04 3.768600000000000000e+04
4.196500000000000000e+04 5.618300000000000000e+04
5.915200000000000000e+04 5.210900000000000000e+04
3.794900000000000000e+04 5.900500000000000000e+04
5.191600000000000000e+04 2.238600000000000000e+04
6.124000000000000000e+03 4.275300000000000000e+04
3.066400000000000000e+04 4.397300000000000000e+04
1.840700000000000000e+04 2.615200000000000000e+04
1.620000000000000000e+04 5.367200000000000000e+04
1.760100000000000000e+04 6.168000000000000000e+04
1.815800000000000000e+04 2.490600000000000000e+04
3.179600000000000000e+04 4.710100000000000000e+04
9.525000000000000000e+03 3.643900000000000000e+04
5.109600000000000000e+04 2.411500000000000000e+04
3.379000000000000000e+04 3.843900000000000000e+04
6.051400000000000000e+04 4.770800000000000000e+04
4.337100000000000000e+04 5.578500000000000000e+04
1.334000000000000000e+04 4.392000000000000000e+04
4.672700000000000000e+04 4.481000000000000000e+04
2.979000000000000000e+04 5.988200000000000000e+04
7.652000000000000000e+03 3.043000000000000000e+04
4.260200000000000000e+04 3.567900000000000000e+04
5.690900000000000000e+04 3.484500000000000000e+04
5.301500000000000000e+04 4.346500000000000000e+04
1.751000000000000000e+03 5.380300000000000000e+04
1.224400000000000000e+04 4.918000000000000000e+04
2.522000000000000000e+04 2.582700000000000000e+04
2.311400000000000000e+04 4.377000000000000000e+04
4.298000000000000000e+03 3.871500000000000000e+04
6.171200000000000000e+04 2.796800000000000000e+04
3.760600000000000000e+04 5.566600000000000000e+04
6.126500000000000000e+04 5.119300000000000000e+04
4.806700000000000000e+04 5.863700000000000000e+04
1.081000000000000000e+04 6.039800000000000000e+04
5.063800000000000000e+04 4.802600000000000000e+04
5.826600000000000000e+04 5.993700000000000000e+04
4.024000000000000000e+04 3.048900000000000000e+04
1.689700000000000000e+04 3.865900000000000000e+04
3.823700000000000000e+04 4.862500000000000000e+04
3.179000000000000000e+03 2.629600000000000000e+04
2.841600000000000000e+04 5.700100000000000000e+04
2.760500000000000000e+04 5.555800000000000000e+04
3.291000000000000000e+03 2.515200000000000000e+04
3.435500000000000000e+04 4.958400000000000000e+04
1.461100000000000000e+04 4.042400000000000000e+04
3.868500000000000000e+04 3.058600000000000000e+04
5.647200000000000000e+04 6.029200000000000000e+04
5.089300000000000000e+04 5.112700000000000000e+04
6.577000000000000000e+03 6.219400000000000000e+04
4.692300000000000000e+04 6.022900000000000000e+04
5.997200000000000000e+04 5.008600000000000000e+04
3.476600000000000000e+04 5.822600000000000000e+04
6.055600000000000000e+04 2.686100000000000000e+04
5.078000000000000000e+03 4.368800000000000000e+04
2.317100000000000000e+04 4.391600000000000000e+04
2.382700000000000000e+04 2.543200000000000000e+04
1.587300000000000000e+04 5.537400000000000000e+04
5.561000000000000000e+03 5.494600000000000000e+04
5.178400000000000000e+04 4.265900000000000000e+04
5.254000000000000000e+04 3.574200000000000000e+04
4.381100000000000000e+04 3.378900000000000000e+04
1.012800000000000000e+04 2.948300000000000000e+04
2.829400000000000000e+04 6.068000000000000000e+04
4.655900000000000000e+04 4.646700000000000000e+04
1.482400000000000000e+04 4.239300000000000000e+04
4.395400000000000000e+04 5.586500000000000000e+04
6.089700000000000000e+04 4.491500000000000000e+04
3.515000000000000000e+04 3.714200000000000000e+04
4.583100000000000000e+04 2.578300000000000000e+04
8.986000000000000000e+03 4.043500000000000000e+04
3.068200000000000000e+04 4.589000000000000000e+04
1.985100000000000000e+04 2.623100000000000000e+04
1.694400000000000000e+04 5.877200000000000000e+04
1.739600000000000000e+04 5.743300000000000000e+04
1.839800000000000000e+04 2.514800000000000000e+04
3.146900000000000000e+04 4.439900000000000000e+04
4.248000000000000000e+03 4.314100000000000000e+04
5.181000000000000000e+04 2.310100000000000000e+04
3.735600000000000000e+04 5.612600000000000000e+04
6.156200000000000000e+04 4.999900000000000000e+04
4.497100000000000000e+04 5.304600000000000000e+04
1.134300000000000000e+04 4.195100000000000000e+04
3.884000000000000000e+04 4.702600000000000000e+04
2.559600000000000000e+04 5.856700000000000000e+04
7.462000000000000000e+03 2.724600000000000000e+04
3.878400000000000000e+04 2.922900000000000000e+04
5.545100000000000000e+04 3.418500000000000000e+04
5.102100000000000000e+04 4.865300000000000000e+04
5.461000000000000000e+03 5.532400000000000000e+04
1.163600000000000000e+04 4.952000000000000000e+04
5.392000000000000000e+04 4.296800000000000000e+04
2.548500000000000000e+04 4.710500000000000000e+04
4.267800000000000000e+04 3.550400000000000000e+04
5.948000000000000000e+04 2.833500000000000000e+04
3.173000000000000000e+04 6.025200000000000000e+04
4.207300000000000000e+04 4.780400000000000000e+04
4.809800000000000000e+04 5.710700000000000000e+04
1.021800000000000000e+04 6.013300000000000000e+04
5.790300000000000000e+04 4.722900000000000000e+04
5.624200000000000000e+04 5.950300000000000000e+04
4.409000000000000000e+04 2.490900000000000000e+04
7.967000000000000000e+03 3.905600000000000000e+04
3.541900000000000000e+04 4.936300000000000000e+04
4.495000000000000000e+03 2.364800000000000000e+04
2.110400000000000000e+04 5.917200000000000000e+04
2.023800000000000000e+04 6.164700000000000000e+04
1.905700000000000000e+04 2.599400000000000000e+04
3.788400000000000000e+04 5.058500000000000000e+04
1.351300000000000000e+04 3.831200000000000000e+04
4.603000000000000000e+04 2.750200000000000000e+04
3.519700000000000000e+04 3.863300000000000000e+04
6.114500000000000000e+04 4.593200000000000000e+04
9.538000000000000000e+03 5.911600000000000000e+04
1.468800000000000000e+04 4.400500000000000000e+04
4.354600000000000000e+04 4.623600000000000000e+04
3.201800000000000000e+04 5.914900000000000000e+04
6.553500000000000000e+04 2.736800000000000000e+04
4.191600000000000000e+04 3.442900000000000000e+04
5.521400000000000000e+04 3.471900000000000000e+04
5.430700000000000000e+04 4.402000000000000000e+04
9.374000000000000000e+03 4.891200000000000000e+04
5.481000000000000000e+03 5.373000000000000000e+04
5.281200000000000000e+04 4.752600000000000000e+04
5.764100000000000000e+04 6.072600000000000000e+04
4.053000000000000000e+04 3.144100000000000000e+04
1.089500000000000000e+04 2.817100000000000000e+04
2.496800000000000000e+04 5.791300000000000000e+04
3.552900000000000000e+04 4.241100000000000000e+04
1.477700000000000000e+04 3.642600000000000000e+04
4.777600000000000000e+04 6.031400000000000000e+04
5.885500000000000000e+04 5.117600000000000000e+04
3.489900000000000000e+04 5.823000000000000000e+04
5.040300000000000000e+04 2.405000000000000000e+04
7.390000000000000000e+03 4.142200000000000000e+04
3.150900000000000000e+04 4.494700000000000000e+04
2.725800000000000000e+04 2.812500000000000000e+04
1.673300000000000000e+04 5.480200000000000000e+04
2.010800000000000000e+04 5.285400000000000000e+04
1.917200000000000000e+04 2.537000000000000000e+04
3.037100000000000000e+04 4.130900000000000000e+04
1.147600000000000000e+04 3.784900000000000000e+04
5.336700000000000000e+04 2.421000000000000000e+04
3.515800000000000000e+04 3.672300000000000000e+04
5.974800000000000000e+04 5.249900000000000000e+04
4.566500000000000000e+04 5.364200000000000000e+04
1.127700000000000000e+04 4.375000000000000000e+04
3.865200000000000000e+04 4.358900000000000000e+04
3.165700000000000000e+04 5.901000000000000000e+04
7.667000000000000000e+03 3.000200000000000000e+04
4.097500000000000000e+04 2.931000000000000000e+04
5.806900000000000000e+04 3.500300000000000000e+04
5.371900000000000000e+04 4.185100000000000000e+04
2.777000000000000000e+03 5.632000000000000000e+04
1.197200000000000000e+04 4.935300000000000000e+04
2.683600000000000000e+04 2.905500000000000000e+04
2.550000000000000000e+04 4.760300000000000000e+04
6.848000000000000000e+03 4.200000000000000000e+04
6.052400000000000000e+04 2.648800000000000000e+04
3.631800000000000000e+04 5.881100000000000000e+04
4.525500000000000000e+04 4.911700000000000000e+04
4.824200000000000000e+04 5.927900000000000000e+04
1.108000000000000000e+04 5.759400000000000000e+04
5.308100000000000000e+04 4.923000000000000000e+04
5.817100000000000000e+04 5.981600000000000000e+04
4.438800000000000000e+04 2.409900000000000000e+04
1.129800000000000000e+04 3.899800000000000000e+04
3.786100000000000000e+04 5.156400000000000000e+04
4.861000000000000000e+03 2.423600000000000000e+04
2.232600000000000000e+04 6.065800000000000000e+04
2.669500000000000000e+04 5.923300000000000000e+04
3.175000000000000000e+03 2.725300000000000000e+04
3.303100000000000000e+04 4.983900000000000000e+04
1.694600000000000000e+04 3.853700000000000000e+04
4.541900000000000000e+04 2.696700000000000000e+04
5.804100000000000000e+04 5.762700000000000000e+04
5.256000000000000000e+04 5.081400000000000000e+04
1.449000000000000000e+04 5.965900000000000000e+04
5.113900000000000000e+04 5.958500000000000000e+04
5.738800000000000000e+04 5.121200000000000000e+04
3.385600000000000000e+04 5.595600000000000000e+04
6.201900000000000000e+04 2.767300000000000000e+04
4.992000000000000000e+03 4.254500000000000000e+04
2.298400000000000000e+04 4.505000000000000000e+04
2.485800000000000000e+04 2.805500000000000000e+04
1.134600000000000000e+04 4.995700000000000000e+04
2.827000000000000000e+03 5.360800000000000000e+04
5.463600000000000000e+04 4.046600000000000000e+04
5.542300000000000000e+04 3.520700000000000000e+04
4.192200000000000000e+04 3.611600000000000000e+04
1.054300000000000000e+04 3.468800000000000000e+04
3.082300000000000000e+04 5.907800000000000000e+04
3.639200000000000000e+04 4.228700000000000000e+04
1.739900000000000000e+04 4.521800000000000000e+04
4.156200000000000000e+04 5.504200000000000000e+04
6.040300000000000000e+04 4.646500000000000000e+04
3.692200000000000000e+04 3.843000000000000000e+04
5.294700000000000000e+04 2.608300000000000000e+04
9.934000000000000000e+03 3.971000000000000000e+04
3.017700000000000000e+04 4.567300000000000000e+04
1.741000000000000000e+04 2.522700000000000000e+04
1.890900000000000000e+04 5.260100000000000000e+04
1.654300000000000000e+04 5.452000000000000000e+04
2.679600000000000000e+04 2.840100000000000000e+04
3.269100000000000000e+04 4.537700000000000000e+04
6.958000000000000000e+03 4.258400000000000000e+04
5.255000000000000000e+04 2.331700000000000000e+04
3.524900000000000000e+04 5.664700000000000000e+04
6.034300000000000000e+04 5.219000000000000000e+04
4.388800000000000000e+04 5.549500000000000000e+04
1.779400000000000000e+04 3.779900000000000000e+04
3.690800000000000000e+04 4.422400000000000000e+04
2.736000000000000000e+04 5.593400000000000000e+04
1.017200000000000000e+04 3.003200000000000000e+04
3.714400000000000000e+04 2.875300000000000000e+04
5.710700000000000000e+04 3.517500000000000000e+04
5.404600000000000000e+04 4.682900000000000000e+04
7.617000000000000000e+03 5.428300000000000000e+04
1.229100000000000000e+04 4.819200000000000000e+04
5.495100000000000000e+04 4.353800000000000000e+04
2.712000000000000000e+04 4.638600000000000000e+04
4.730000000000000000e+04 3.471700000000000000e+04
6.016400000000000000e+04 2.589300000000000000e+04
2.967300000000000000e+04 5.944400000000000000e+04
4.473000000000000000e+04 4.459700000000000000e+04
1.563900000000000000e+04 4.267300000000000000e+04
1.100500000000000000e+04 5.984800000000000000e+04
5.936200000000000000e+04 4.599700000000000000e+04
3.731800000000000000e+04 3.581800000000000000e+04
4.594200000000000000e+04 2.459600000000000000e+04
9.458000000000000000e+03 3.654700000000000000e+04
3.418500000000000000e+04 5.129600000000000000e+04
4.920000000000000000e+03 2.378200000000000000e+04
1.975700000000000000e+04 5.655700000000000000e+04
1.881700000000000000e+04 5.887800000000000000e+04
5.028000000000000000e+03 2.179600000000000000e+04
3.441600000000000000e+04 4.986100000000000000e+04
1.535600000000000000e+04 3.701200000000000000e+04
4.533100000000000000e+04 2.357500000000000000e+04
6.064800000000000000e+04 5.995000000000000000e+04
5.867100000000000000e+04 4.518300000000000000e+04
9.819000000000000000e+03 5.855400000000000000e+04
4.710900000000000000e+04 5.806400000000000000e+04
4.272900000000000000e+04 4.602200000000000000e+04
3.448300000000000000e+04 5.732600000000000000e+04
6.221500000000000000e+04 2.906400000000000000e+04
4.257400000000000000e+04 3.447700000000000000e+04
2.200900000000000000e+04 4.504700000000000000e+04
2.516600000000000000e+04 2.744300000000000000e+04
9.310000000000000000e+03 5.012000000000000000e+04
3.471000000000000000e+03 5.449800000000000000e+04
5.357600000000000000e+04 4.259600000000000000e+04
5.812200000000000000e+04 3.453600000000000000e+04
4.020300000000000000e+04 2.956300000000000000e+04
1.086100000000000000e+04 3.222800000000000000e+04
2.676900000000000000e+04 5.675300000000000000e+04
3.802000000000000000e+04 4.241400000000000000e+04
1.403600000000000000e+04 4.495700000000000000e+04
4.554000000000000000e+04 5.496700000000000000e+04
6.037300000000000000e+04 5.383300000000000000e+04
3.494700000000000000e+04 3.714200000000000000e+04
5.107500000000000000e+04 2.164400000000000000e+04
2.514000000000000000e+03 4.125300000000000000e+04
2.930600000000000000e+04 4.571000000000000000e+04
1.806900000000000000e+04 2.165200000000000000e+04
1.659400000000000000e+04 5.344100000000000000e+04
1.904100000000000000e+04 6.159300000000000000e+04
1.748900000000000000e+04 2.412400000000000000e+04
3.594200000000000000e+04 4.827700000000000000e+04
1.051300000000000000e+04 3.709500000000000000e+04
4.409700000000000000e+04 2.519000000000000000e+04
3.761200000000000000e+04 3.869900000000000000e+04
6.003500000000000000e+04 4.575900000000000000e+04
4.284400000000000000e+04 5.252100000000000000e+04
