700 2
7.524310000000000000e+05 4.744010000000000000e+05
4.810760000000000000e+05 8.293920000000000000e+05
2.573250000000000000e+05 7.423280000000000000e+05
1.081510000000000000e+05 2.555190000000000000e+05
2.000190000000000000e+05 3.849340000000000000e+05
8.039090000000000000e+05 1.434510000000000000e+05
8.479300000000000000e+05 6.395490000000000000e+05
6.319390000000000000e+05 7.154320000000000000e+05
3.647050000000000000e+05 3.932750000000000000e+05
5.584730000000000000e+05 2.348600000000000000e+05
4.544530000000000000e+05 6.016650000000000000e+05
1.423640000000000000e+05 5.339470000000000000e+05
3.719480000000000000e+05 1.638950000000000000e+05
5.115730000000000000e+05 3.565270000000000000e+05
6.986770000000000000e+05 1.939990000000000000e+05
8.085890000000000000e+05 7.936080000000000000e+05
8.050600000000000000e+05 7.855680000000000000e+05
9.385440000000000000e+05 6.803920000000000000e+05
8.074930000000000000e+05 2.416440000000000000e+05
5.015240000000000000e+05 2.303830000000000000e+05
5.915340000000000000e+05 7.834410000000000000e+05
7.402210000000000000e+05 4.887810000000000000e+05
2.254400000000000000e+05 7.772390000000000000e+05
4.881980000000000000e+05 3.210770000000000000e+05
6.871220000000000000e+05 7.385650000000000000e+05
6.294720000000000000e+05 2.762240000000000000e+05
4.444810000000000000e+05 6.112600000000000000e+05
1.726590000000000000e+05 5.223560000000000000e+05
1.463160000000000000e+05 2.052530000000000000e+05
5.414360000000000000e+05 4.634430000000000000e+05
6.846150000000000000e+05 1.500660000000000000e+05
7.744270000000000000e+05 7.885190000000000000e+05
8.178680000000000000e+05 7.937010000000000000e+05
6.969180000000000000e+05 1.977170000000000000e+05
6.582490000000000000e+05 4.588510000000000000e+05
2.079060000000000000e+05 2.524660000000000000e+05
1.952010000000000000e+05 5.485960000000000000e+05
4.330330000000000000e+05 5.968890000000000000e+05
4.615100000000000000e+05 2.125530000000000000e+05
3.677460000000000000e+05 4.127650000000000000e+05
2.040850000000000000e+05 1.816870000000000000e+05
2.432620000000000000e+05 7.381940000000000000e+05
7.879060000000000000e+05 5.586540000000000000e+05
5.029260000000000000e+05 8.250500000000000000e+05
3.210330000000000000e+05 1.435790000000000000e+05
8.352290000000000000e+05 2.319670000000000000e+05
8.510420000000000000e+05 6.203600000000000000e+05
5.927070000000000000e+05 6.694670000000000000e+05
8.423690000000000000e+05 7.812180000000000000e+05
6.054530000000000000e+05 2.540510000000000000e+05
5.027370000000000000e+05 4.143790000000000000e+05
4.006210000000000000e+05 1.600030000000000000e+05
4.766090000000000000e+05 8.963300000000000000e+05
4.286800000000000000e+05 6.394060000000000000e+05
5.607580000000000000e+05 2.507150000000000000e+05
3.726560000000000000e+05 4.138120000000000000e+05
6.546080000000000000e+05 7.170680000000000000e+05
8.657740000000000000e+05 6.541560000000000000e+05
7.434860000000000000e+05 2.101900000000000000e+05
1.950750000000000000e+05 4.690910000000000000e+05
1.090190000000000000e+05 2.768370000000000000e+05
2.386010000000000000e+05 7.695290000000000000e+05
6.795270000000000000e+05 1.493370000000000000e+05
7.839360000000000000e+05 4.958420000000000000e+05
6.914420000000000000e+05 5.111160000000000000e+05
7.133530000000000000e+05 1.579310000000000000e+05
5.986960000000000000e+05 4.264120000000000000e+05
1.527980000000000000e+05 2.424670000000000000e+05
2.206920000000000000e+05 4.769190000000000000e+05
4.588250000000000000e+05 6.080280000000000000e+05
5.659470000000000000e+05 2.539140000000000000e+05
6.323250000000000000e+05 7.181500000000000000e+05
3.180150000000000000e+05 4.265650000000000000e+05
3.076420000000000000e+05 7.688000000000000000e+05
4.666860000000000000e+05 5.644140000000000000e+05
5.248720000000000000e+05 7.960430000000000000e+05
3.766940000000000000e+05 1.221240000000000000e+05
8.236300000000000000e+05 2.513980000000000000e+05
8.337360000000000000e+05 6.377380000000000000e+05
8.170570000000000000e+05 7.999450000000000000e+05
6.418420000000000000e+05 7.029950000000000000e+05
8.362580000000000000e+05 6.387700000000000000e+05
8.082430000000000000e+05 2.454790000000000000e+05
4.312010000000000000e+05 1.116640000000000000e+05
5.361910000000000000e+05 8.658680000000000000e+05
7.095370000000000000e+05 5.291620000000000000e+05
2.541220000000000000e+05 7.454210000000000000e+05
1.659090000000000000e+05 2.304950000000000000e+05
3.817770000000000000e+05 3.984660000000000000e+05
4.907650000000000000e+05 2.713090000000000000e+05
4.450680000000000000e+05 5.854770000000000000e+05
2.098960000000000000e+05 4.298390000000000000e+05
2.996360000000000000e+05 1.185580000000000000e+05
4.895050000000000000e+05 4.200720000000000000e+05
6.991640000000000000e+05 8.266500000000000000e+04
8.527530000000000000e+05 7.991390000000000000e+05
7.821730000000000000e+05 7.970950000000000000e+05
6.818300000000000000e+05 1.521720000000000000e+05
4.483080000000000000e+05 3.600320000000000000e+05
1.518920000000000000e+05 2.416760000000000000e+05
1.634230000000000000e+05 3.839350000000000000e+05
4.428840000000000000e+05 6.345670000000000000e+05
5.539600000000000000e+05 2.610060000000000000e+05
6.388800000000000000e+05 7.020530000000000000e+05
3.463230000000000000e+05 3.832000000000000000e+05
2.169100000000000000e+05 7.141470000000000000e+05
7.547840000000000000e+05 4.864740000000000000e+05
5.315360000000000000e+05 9.224460000000000000e+05
3.672350000000000000e+05 1.749570000000000000e+05
8.578350000000000000e+05 1.796090000000000000e+05
8.288130000000000000e+05 6.226560000000000000e+05
6.557930000000000000e+05 7.057940000000000000e+05
8.094350000000000000e+05 7.976830000000000000e+05
7.475000000000000000e+05 1.569570000000000000e+05
5.405900000000000000e+05 5.007160000000000000e+05
4.204150000000000000e+05 9.190400000000000000e+04
5.739750000000000000e+05 8.884250000000000000e+05
4.446460000000000000e+05 6.113990000000000000e+05
5.776130000000000000e+05 2.803320000000000000e+05
3.485030000000000000e+05 3.883280000000000000e+05
5.825020000000000000e+05 7.342320000000000000e+05
8.360650000000000000e+05 6.437350000000000000e+05
7.926970000000000000e+05 2.266420000000000000e+05
1.986620000000000000e+05 4.852790000000000000e+05
1.713430000000000000e+05 2.748160000000000000e+05
1.685960000000000000e+05 7.488790000000000000e+05
4.082890000000000000e+05 8.617850000000000000e+05
7.310190000000000000e+05 4.886900000000000000e+05
6.747260000000000000e+05 4.837790000000000000e+05
5.738230000000000000e+05 8.925080000000000000e+05
4.033940000000000000e+05 7.777480000000000000e+05
1.040760000000000000e+05 2.379870000000000000e+05
1.970630000000000000e+05 5.029850000000000000e+05
7.269640000000000000e+05 2.440680000000000000e+05
8.505480000000000000e+05 6.394700000000000000e+05
6.363570000000000000e+05 7.101480000000000000e+05
3.664150000000000000e+05 3.828280000000000000e+05
5.717030000000000000e+05 2.828340000000000000e+05
4.307600000000000000e+05 6.236980000000000000e+05
5.060230000000000000e+05 8.165010000000000000e+05
4.228310000000000000e+05 2.516150000000000000e+05
5.187550000000000000e+05 4.552410000000000000e+05
6.796750000000000000e+05 1.457410000000000000e+05
7.939720000000000000e+05 7.841710000000000000e+05
6.282660000000000000e+05 7.140480000000000000e+05
8.253340000000000000e+05 6.263990000000000000e+05
7.784760000000000000e+05 2.600390000000000000e+05
3.407310000000000000e+05 2.165740000000000000e+05
4.525810000000000000e+05 8.454310000000000000e+05
7.430710000000000000e+05 4.960170000000000000e+05
2.520490000000000000e+05 7.339910000000000000e+05
3.108360000000000000e+05 4.533670000000000000e+05
3.675370000000000000e+05 3.921350000000000000e+05
6.356030000000000000e+05 2.580290000000000000e+05
4.429730000000000000e+05 6.099020000000000000e+05
1.993680000000000000e+05 4.738780000000000000e+05
1.709850000000000000e+05 2.090260000000000000e+05
5.698190000000000000e+05 3.898300000000000000e+05
6.523250000000000000e+05 1.551400000000000000e+05
8.150140000000000000e+05 7.905240000000000000e+05
8.191650000000000000e+05 8.106160000000000000e+05
6.831930000000000000e+05 1.535850000000000000e+05
4.750650000000000000e+05 4.554940000000000000e+05
3.650970000000000000e+05 2.303230000000000000e+05
3.195800000000000000e+05 4.860400000000000000e+05
4.515080000000000000e+05 6.198730000000000000e+05
5.428730000000000000e+05 2.813380000000000000e+05
4.100850000000000000e+05 3.820040000000000000e+05
2.174180000000000000e+05 2.748690000000000000e+05
3.353310000000000000e+05 8.187330000000000000e+05
7.968700000000000000e+05 4.933500000000000000e+05
5.077110000000000000e+05 8.566660000000000000e+05
4.062970000000000000e+05 1.260690000000000000e+05
8.544340000000000000e+05 1.822730000000000000e+05
8.938410000000000000e+05 7.180710000000000000e+05
5.922220000000000000e+05 6.935170000000000000e+05
8.417460000000000000e+05 7.655330000000000000e+05
8.275580000000000000e+05 6.231700000000000000e+05
8.604000000000000000e+05 3.043130000000000000e+05
2.970480000000000000e+05 1.016070000000000000e+05
4.126900000000000000e+05 9.299370000000000000e+05
6.673080000000000000e+05 4.994920000000000000e+05
2.410190000000000000e+05 7.551720000000000000e+05
3.807790000000000000e+05 3.741900000000000000e+05
6.386440000000000000e+05 7.183840000000000000e+05
6.545330000000000000e+05 2.349250000000000000e+05
4.248230000000000000e+05 6.323100000000000000e+05
2.307720000000000000e+05 4.693000000000000000e+05
1.924080000000000000e+05 2.122550000000000000e+05
5.506660000000000000e+05 3.587760000000000000e+05
7.085970000000000000e+05 2.212900000000000000e+05
7.317170000000000000e+05 4.809120000000000000e+05
7.747900000000000000e+05 5.055360000000000000e+05
6.838940000000000000e+05 1.487110000000000000e+05
4.875080000000000000e+05 4.101300000000000000e+05
1.267250000000000000e+05 2.558920000000000000e+05
1.972460000000000000e+05 4.118560000000000000e+05
8.096510000000000000e+05 2.435020000000000000e+05
5.959230000000000000e+05 3.019610000000000000e+05
6.147910000000000000e+05 7.554670000000000000e+05
3.755940000000000000e+05 3.879630000000000000e+05
2.008970000000000000e+05 7.245200000000000000e+05
4.408690000000000000e+05 6.417670000000000000e+05
5.257950000000000000e+05 8.421770000000000000e+05
4.032370000000000000e+05 1.117270000000000000e+05
6.057220000000000000e+05 3.651310000000000000e+05
6.334500000000000000e+05 2.013360000000000000e+05
8.461720000000000000e+05 7.872460000000000000e+05
5.751690000000000000e+05 6.789030000000000000e+05
8.753200000000000000e+05 5.889460000000000000e+05
7.864600000000000000e+05 2.863140000000000000e+05
4.343980000000000000e+05 1.676200000000000000e+05
5.050210000000000000e+05 7.266920000000000000e+05
7.856550000000000000e+05 5.088440000000000000e+05
2.415690000000000000e+05 7.341250000000000000e+05
1.784160000000000000e+05 2.325600000000000000e+05
4.485530000000000000e+05 3.866560000000000000e+05
6.272720000000000000e+05 2.538820000000000000e+05
4.762830000000000000e+05 4.647820000000000000e+05
1.990600000000000000e+05 5.191000000000000000e+05
1.670880000000000000e+05 2.312350000000000000e+05
5.493200000000000000e+05 4.622070000000000000e+05
6.934380000000000000e+05 1.964530000000000000e+05
8.463080000000000000e+05 8.103230000000000000e+05
8.106420000000000000e+05 7.976940000000000000e+05
6.724970000000000000e+05 1.538150000000000000e+05
6.569280000000000000e+05 4.271420000000000000e+05
1.710730000000000000e+05 2.709120000000000000e+05
1.404540000000000000e+05 5.570080000000000000e+05
4.479200000000000000e+05 5.602150000000000000e+05
6.014650000000000000e+05 2.332130000000000000e+05
6.036510000000000000e+05 7.242900000000000000e+05
3.941270000000000000e+05 3.735400000000000000e+05
3.183200000000000000e+05 7.853560000000000000e+05
7.151690000000000000e+05 4.857930000000000000e+05
5.433650000000000000e+05 9.048610000000000000e+05
3.973070000000000000e+05 1.237040000000000000e+05
8.111220000000000000e+05 2.342270000000000000e+05
8.432230000000000000e+05 6.328720000000000000e+05
6.753060000000000000e+05 7.593220000000000000e+05
8.342530000000000000e+05 8.065350000000000000e+05
6.866390000000000000e+05 1.808240000000000000e+05
5.906100000000000000e+05 3.630740000000000000e+05
3.340350000000000000e+05 1.889170000000000000e+05
1.927570000000000000e+05 4.845500000000000000e+05
4.265960000000000000e+05 6.689660000000000000e+05
5.610550000000000000e+05 2.255120000000000000e+05
3.657350000000000000e+05 3.939810000000000000e+05
6.152470000000000000e+05 7.172510000000000000e+05
8.691230000000000000e+05 6.608700000000000000e+05
8.673800000000000000e+05 2.086710000000000000e+05
1.916880000000000000e+05 4.478450000000000000e+05
2.201770000000000000e+05 2.216740000000000000e+05
2.750580000000000000e+05 7.138870000000000000e+05
4.721120000000000000e+05 8.757290000000000000e+05
7.707340000000000000e+05 5.130470000000000000e+05
7.815180000000000000e+05 4.918020000000000000e+05
4.703490000000000000e+05 9.271420000000000000e+05
1.622240000000000000e+05 6.852000000000000000e+05
1.494850000000000000e+05 2.219960000000000000e+05
2.421610000000000000e+05 4.491040000000000000e+05
8.175410000000000000e+05 1.289340000000000000e+05
8.703400000000000000e+05 6.085060000000000000e+05
6.423020000000000000e+05 7.202190000000000000e+05
3.671730000000000000e+05 3.937410000000000000e+05
5.623050000000000000e+05 2.759140000000000000e+05
4.454210000000000000e+05 6.112660000000000000e+05
5.134260000000000000e+05 8.328070000000000000e+05
4.713110000000000000e+05 2.174090000000000000e+05
5.876650000000000000e+05 4.421460000000000000e+05
7.237960000000000000e+05 6.250800000000000000e+04
8.102330000000000000e+05 7.979930000000000000e+05
6.296940000000000000e+05 7.062310000000000000e+05
8.233640000000000000e+05 6.208700000000000000e+05
7.622280000000000000e+05 1.700360000000000000e+05
3.955230000000000000e+05 1.417190000000000000e+05
4.947690000000000000e+05 8.918640000000000000e+05
7.663430000000000000e+05 4.707880000000000000e+05
2.679280000000000000e+05 7.219040000000000000e+05
3.714990000000000000e+05 4.263120000000000000e+05
6.677830000000000000e+05 7.149770000000000000e+05
5.686820000000000000e+05 2.349350000000000000e+05
4.427660000000000000e+05 6.142790000000000000e+05
2.003600000000000000e+05 4.804470000000000000e+05
1.582040000000000000e+05 2.586090000000000000e+05
6.478430000000000000e+05 4.710240000000000000e+05
6.798360000000000000e+05 1.490440000000000000e+05
8.018520000000000000e+05 7.974300000000000000e+05
8.825530000000000000e+05 7.825450000000000000e+05
6.770560000000000000e+05 1.832400000000000000e+05
5.605000000000000000e+05 4.392670000000000000e+05
1.763530000000000000e+05 2.397060000000000000e+05
2.174450000000000000e+05 4.895340000000000000e+05
4.411820000000000000e+05 5.952930000000000000e+05
5.320440000000000000e+05 2.419570000000000000e+05
3.551850000000000000e+05 4.025330000000000000e+05
1.502770000000000000e+05 2.381320000000000000e+05
2.410200000000000000e+05 7.605960000000000000e+05
7.866370000000000000e+05 4.490430000000000000e+05
6.157300000000000000e+05 8.972140000000000000e+05
4.284770000000000000e+05 1.650870000000000000e+05
7.449470000000000000e+05 2.330710000000000000e+05
8.483550000000000000e+05 6.527620000000000000e+05
6.802270000000000000e+05 7.257830000000000000e+05
7.475950000000000000e+05 8.088900000000000000e+05
8.439070000000000000e+05 5.987770000000000000e+05
7.949850000000000000e+05 3.110760000000000000e+05
4.993070000000000000e+05 1.545630000000000000e+05
5.579610000000000000e+05 8.640980000000000000e+05
4.359610000000000000e+05 6.218950000000000000e+05
2.638390000000000000e+05 7.181760000000000000e+05
3.543270000000000000e+05 4.378000000000000000e+05
7.417090000000000000e+05 7.412820000000000000e+05
5.396840000000000000e+05 2.614040000000000000e+05
8.090430000000000000e+05 2.413860000000000000e+05
1.976880000000000000e+05 4.844290000000000000e+05
1.347000000000000000e+05 1.987820000000000000e+05
6.258610000000000000e+05 4.469660000000000000e+05
6.619850000000000000e+05 1.779020000000000000e+05
7.212400000000000000e+05 4.888690000000000000e+05
6.612220000000000000e+05 4.925160000000000000e+05
6.818790000000000000e+05 2.768210000000000000e+05
4.874660000000000000e+05 4.040350000000000000e+05
1.445360000000000000e+05 2.533500000000000000e+05
1.966000000000000000e+05 4.705160000000000000e+05
4.629590000000000000e+05 6.046180000000000000e+05
5.559730000000000000e+05 2.413100000000000000e+05
6.392140000000000000e+05 7.231660000000000000e+05
3.601520000000000000e+05 3.495460000000000000e+05
3.915060000000000000e+05 7.457930000000000000e+05
6.919470000000000000e+05 5.429280000000000000e+05
5.020740000000000000e+05 8.296750000000000000e+05
4.042160000000000000e+05 1.118000000000000000e+05
8.002310000000000000e+05 2.320160000000000000e+05
7.974870000000000000e+05 6.256750000000000000e+05
8.988490000000000000e+05 7.673780000000000000e+05
6.425840000000000000e+05 7.008760000000000000e+05
7.806350000000000000e+05 6.132870000000000000e+05
8.339030000000000000e+05 2.220880000000000000e+05
1.939760000000000000e+05 4.669340000000000000e+05
4.818880000000000000e+05 8.931560000000000000e+05
7.508540000000000000e+05 4.636760000000000000e+05
2.600400000000000000e+05 7.454390000000000000e+05
1.757630000000000000e+05 2.590850000000000000e+05
3.701730000000000000e+05 3.776570000000000000e+05
5.665150000000000000e+05 2.474830000000000000e+05
4.483150000000000000e+05 6.089180000000000000e+05
2.267350000000000000e+05 5.626220000000000000e+05
3.831440000000000000e+05 1.719070000000000000e+05
4.993800000000000000e+05 3.784560000000000000e+05
7.663900000000000000e+05 1.363250000000000000e+05
8.417260000000000000e+05 8.007290000000000000e+05
8.387050000000000000e+05 7.739920000000000000e+05
6.853450000000000000e+05 1.354490000000000000e+05
5.610300000000000000e+05 4.390500000000000000e+05
1.912290000000000000e+05 2.416720000000000000e+05
2.236030000000000000e+05 5.483560000000000000e+05
4.449570000000000000e+05 6.113260000000000000e+05
5.501150000000000000e+05 2.595690000000000000e+05
3.568690000000000000e+05 4.077790000000000000e+05
3.773510000000000000e+05 3.978130000000000000e+05
2.713980000000000000e+05 7.055200000000000000e+05
7.408620000000000000e+05 4.823330000000000000e+05
5.088910000000000000e+05 8.486400000000000000e+05
3.825810000000000000e+05 1.702230000000000000e+05
8.081700000000000000e+05 2.217690000000000000e+05
7.552120000000000000e+05 6.167020000000000000e+05
6.345320000000000000e+05 7.160930000000000000e+05
8.117620000000000000e+05 7.771810000000000000e+05
6.919850000000000000e+05 1.083660000000000000e+05
5.495130000000000000e+05 4.269460000000000000e+05
3.712680000000000000e+05 1.935310000000000000e+05
4.396220000000000000e+05 8.378040000000000000e+05
4.333600000000000000e+05 6.101380000000000000e+05
5.474370000000000000e+05 2.309670000000000000e+05
3.677540000000000000e+05 3.931080000000000000e+05
6.004140000000000000e+05 7.109990000000000000e+05
8.366400000000000000e+05 6.896240000000000000e+05
8.190140000000000000e+05 1.789710000000000000e+05
2.340270000000000000e+05 4.661710000000000000e+05
1.395650000000000000e+05 2.153810000000000000e+05
2.810050000000000000e+05 7.174680000000000000e+05
6.916310000000000000e+05 1.446210000000000000e+05
7.513760000000000000e+05 4.932900000000000000e+05
6.937160000000000000e+05 4.764530000000000000e+05
4.891880000000000000e+05 9.461360000000000000e+05
3.091580000000000000e+05 6.991910000000000000e+05
1.070480000000000000e+05 2.762310000000000000e+05
2.558570000000000000e+05 4.300300000000000000e+05
7.629950000000000000e+05 1.379580000000000000e+05
8.971350000000000000e+05 6.780840000000000000e+05
6.235620000000000000e+05 8.155510000000000000e+05
3.825070000000000000e+05 4.077900000000000000e+05
5.580610000000000000e+05 2.545320000000000000e+05
4.446540000000000000e+05 6.112940000000000000e+05
4.292120000000000000e+05 8.634880000000000000e+05
4.355660000000000000e+05 2.313740000000000000e+05
5.543440000000000000e+05 5.077540000000000000e+05
6.969240000000000000e+05 1.425440000000000000e+05
8.492090000000000000e+05 7.924260000000000000e+05
6.369860000000000000e+05 7.338720000000000000e+05
8.655630000000000000e+05 6.007520000000000000e+05
8.032290000000000000e+05 2.466220000000000000e+05
4.433110000000000000e+05 1.965740000000000000e+05
4.036450000000000000e+05 8.714860000000000000e+05
7.396440000000000000e+05 4.926150000000000000e+05
2.169060000000000000e+05 6.976110000000000000e+05
3.134260000000000000e+05 3.731930000000000000e+05
3.714330000000000000e+05 3.857990000000000000e+05
5.694990000000000000e+05 2.581730000000000000e+05
4.659490000000000000e+05 5.622230000000000000e+05
2.172470000000000000e+05 4.859870000000000000e+05
1.595330000000000000e+05 2.513790000000000000e+05
5.676520000000000000e+05 4.604770000000000000e+05
6.778860000000000000e+05 1.558920000000000000e+05
7.126520000000000000e+05 8.149030000000000000e+05
8.545200000000000000e+05 8.083390000000000000e+05
7.036110000000000000e+05 1.109210000000000000e+05
5.160340000000000000e+05 4.024240000000000000e+05
4.170820000000000000e+05 1.033730000000000000e+05
2.237930000000000000e+05 4.765450000000000000e+05
4.636090000000000000e+05 5.944470000000000000e+05
5.830840000000000000e+05 2.695860000000000000e+05
3.861060000000000000e+05 3.993160000000000000e+05
1.429100000000000000e+05 2.323330000000000000e+05
2.664130000000000000e+05 6.608750000000000000e+05
7.184550000000000000e+05 5.465260000000000000e+05
5.045300000000000000e+05 8.499440000000000000e+05
4.006770000000000000e+05 2.237910000000000000e+05
7.771230000000000000e+05 2.551310000000000000e+05
8.357750000000000000e+05 6.353850000000000000e+05
6.411640000000000000e+05 6.702360000000000000e+05
7.718570000000000000e+05 7.937470000000000000e+05
8.762020000000000000e+05 6.009420000000000000e+05
7.921330000000000000e+05 1.926160000000000000e+05
4.160550000000000000e+05 6.753000000000000000e+04
4.955760000000000000e+05 8.376340000000000000e+05
4.483110000000000000e+05 6.032420000000000000e+05
3.093070000000000000e+05 6.764490000000000000e+05
3.608560000000000000e+05 3.912130000000000000e+05
6.956760000000000000e+05 6.896570000000000000e+05
5.732230000000000000e+05 2.566790000000000000e+05
4.322320000000000000e+05 6.123260000000000000e+05
1.151020000000000000e+05 4.590870000000000000e+05
1.294420000000000000e+05 2.178780000000000000e+05
4.735180000000000000e+05 4.310290000000000000e+05
6.695500000000000000e+05 6.534600000000000000e+04
6.811360000000000000e+05 4.884870000000000000e+05
7.595030000000000000e+05 5.074760000000000000e+05
6.641330000000000000e+05 1.479520000000000000e+05
2.581310000000000000e+05 7.500110000000000000e+05
1.379600000000000000e+05 2.725330000000000000e+05
1.918280000000000000e+05 5.252320000000000000e+05
8.066780000000000000e+05 2.415010000000000000e+05
8.641860000000000000e+05 6.392990000000000000e+05
6.414710000000000000e+05 7.158280000000000000e+05
3.572870000000000000e+05 4.268800000000000000e+05
5.603940000000000000e+05 2.186740000000000000e+05
4.439590000000000000e+05 5.982360000000000000e+05
5.284920000000000000e+05 8.234800000000000000e+05
4.522800000000000000e+05 1.391260000000000000e+05
5.539090000000000000e+05 4.185510000000000000e+05
6.942130000000000000e+05 1.301140000000000000e+05
8.828110000000000000e+05 7.935200000000000000e+05
6.195950000000000000e+05 7.064960000000000000e+05
8.213350000000000000e+05 6.509980000000000000e+05
8.153700000000000000e+05 3.320030000000000000e+05
3.906220000000000000e+05 2.010280000000000000e+05
5.482990000000000000e+05 7.988830000000000000e+05
7.250810000000000000e+05 4.858920000000000000e+05
2.472800000000000000e+05 7.112370000000000000e+05
1.571480000000000000e+05 2.443350000000000000e+05
3.193140000000000000e+05 3.809720000000000000e+05
5.952090000000000000e+05 2.485890000000000000e+05
4.533980000000000000e+05 5.981010000000000000e+05
1.768800000000000000e+05 5.234850000000000000e+05
1.155190000000000000e+05 2.471220000000000000e+05
4.994360000000000000e+05 4.428990000000000000e+05
6.279320000000000000e+05 2.087710000000000000e+05
7.981770000000000000e+05 7.993330000000000000e+05
8.031260000000000000e+05 7.939520000000000000e+05
6.581640000000000000e+05 1.751790000000000000e+05
6.193020000000000000e+05 4.072430000000000000e+05
1.532210000000000000e+05 2.412880000000000000e+05
1.498620000000000000e+05 5.039580000000000000e+05
4.277860000000000000e+05 6.158340000000000000e+05
5.598070000000000000e+05 2.485250000000000000e+05
6.353070000000000000e+05 6.875840000000000000e+05
2.825320000000000000e+05 4.040290000000000000e+05
3.445800000000000000e+05 8.339370000000000000e+05
7.536890000000000000e+05 4.667000000000000000e+05
5.034130000000000000e+05 8.191270000000000000e+05
2.688560000000000000e+05 1.255080000000000000e+05
7.973490000000000000e+05 2.620130000000000000e+05
8.079890000000000000e+05 6.108170000000000000e+05
8.005390000000000000e+05 8.239450000000000000e+05
8.075460000000000000e+05 8.035990000000000000e+05
6.827400000000000000e+05 8.671900000000000000e+04
5.681900000000000000e+05 4.626840000000000000e+05
4.499260000000000000e+05 2.048960000000000000e+05
1.535900000000000000e+05 5.063200000000000000e+05
4.455580000000000000e+05 6.086470000000000000e+05
5.537790000000000000e+05 2.432740000000000000e+05
3.537010000000000000e+05 4.445320000000000000e+05
6.308880000000000000e+05 7.211500000000000000e+05
9.185490000000000000e+05 5.955800000000000000e+05
7.899400000000000000e+05 1.783540000000000000e+05
2.098220000000000000e+05 5.315780000000000000e+05
1.650980000000000000e+05 2.353530000000000000e+05
2.597230000000000000e+05 7.329170000000000000e+05
4.962960000000000000e+05 8.686960000000000000e+05
7.689180000000000000e+05 4.448300000000000000e+05
7.884650000000000000e+05 4.986920000000000000e+05
5.269680000000000000e+05 8.295160000000000000e+05
2.510580000000000000e+05 7.350270000000000000e+05
1.571120000000000000e+05 2.371320000000000000e+05
1.739880000000000000e+05 4.557110000000000000e+05
7.963010000000000000e+05 2.530680000000000000e+05
8.773420000000000000e+05 6.563130000000000000e+05
6.968770000000000000e+05 7.747230000000000000e+05
3.798950000000000000e+05 4.429820000000000000e+05
6.022610000000000000e+05 2.219600000000000000e+05
4.107280000000000000e+05 7.039790000000000000e+05
1.813180000000000000e+05 4.757160000000000000e+05
3.810160000000000000e+05 1.962480000000000000e+05
5.627610000000000000e+05 4.517470000000000000e+05
6.521650000000000000e+05 7.919400000000000000e+04
7.958100000000000000e+05 7.975650000000000000e+05
6.660890000000000000e+05 8.340040000000000000e+05
8.290410000000000000e+05 6.232580000000000000e+05
8.022890000000000000e+05 2.379450000000000000e+05
3.845040000000000000e+05 1.691980000000000000e+05
6.103480000000000000e+05 8.464110000000000000e+05
7.685130000000000000e+05 3.934390000000000000e+05
2.814490000000000000e+05 7.421700000000000000e+05
3.736580000000000000e+05 3.796380000000000000e+05
6.514640000000000000e+05 6.745500000000000000e+05
5.353700000000000000e+05 2.221610000000000000e+05
4.381570000000000000e+05 6.124200000000000000e+05
1.406060000000000000e+05 4.197290000000000000e+05
8.606800000000000000e+04 1.844310000000000000e+05
5.431850000000000000e+05 4.490590000000000000e+05
6.938480000000000000e+05 1.472660000000000000e+05
8.060680000000000000e+05 8.111270000000000000e+05
8.156190000000000000e+05 8.027740000000000000e+05
6.844090000000000000e+05 1.341530000000000000e+05
5.254810000000000000e+05 4.085070000000000000e+05
1.607210000000000000e+05 2.633970000000000000e+05
2.732780000000000000e+05 5.212950000000000000e+05
4.211630000000000000e+05 6.594460000000000000e+05
5.821870000000000000e+05 2.458410000000000000e+05
3.728730000000000000e+05 3.803330000000000000e+05
9.669300000000000000e+04 2.268470000000000000e+05
2.562550000000000000e+05 7.437040000000000000e+05
7.650690000000000000e+05 3.957080000000000000e+05
4.750000000000000000e+05 8.956090000000000000e+05
3.793140000000000000e+05 1.676560000000000000e+05
7.360020000000000000e+05 2.757020000000000000e+05
9.015140000000000000e+05 6.521130000000000000e+05
6.403500000000000000e+05 7.164860000000000000e+05
8.114310000000000000e+05 7.739100000000000000e+05
6.839600000000000000e+05 1.194950000000000000e+05
5.409980000000000000e+05 5.098450000000000000e+05
4.109610000000000000e+05 1.203350000000000000e+05
4.796320000000000000e+05 7.134350000000000000e+05
4.479210000000000000e+05 6.062390000000000000e+05
5.577290000000000000e+05 2.410860000000000000e+05
3.138270000000000000e+05 4.536260000000000000e+05
6.386460000000000000e+05 7.155770000000000000e+05
5.439180000000000000e+05 2.613990000000000000e+05
8.085230000000000000e+05 2.421200000000000000e+05
3.022880000000000000e+05 4.661440000000000000e+05
7.082800000000000000e+04 2.557980000000000000e+05
2.937550000000000000e+05 7.244340000000000000e+05
6.914580000000000000e+05 1.515040000000000000e+05
7.255950000000000000e+05 4.989920000000000000e+05
7.735130000000000000e+05 4.999930000000000000e+05
5.749680000000000000e+05 9.716200000000000000e+04
5.061940000000000000e+05 4.128300000000000000e+05
1.049530000000000000e+05 2.659990000000000000e+05
2.376040000000000000e+05 4.764810000000000000e+05
4.524070000000000000e+05 6.501910000000000000e+05
5.379580000000000000e+05 1.711800000000000000e+05
6.420880000000000000e+05 7.176880000000000000e+05
4.335330000000000000e+05 3.014520000000000000e+05
2.608030000000000000e+05 7.321030000000000000e+05
7.855370000000000000e+05 4.666750000000000000e+05
4.698230000000000000e+05 9.115650000000000000e+05
3.793180000000000000e+05 1.763890000000000000e+05
7.829530000000000000e+05 2.073700000000000000e+05
8.427330000000000000e+05 6.409790000000000000e+05
7.722670000000000000e+05 7.864070000000000000e+05
6.674790000000000000e+05 6.794790000000000000e+05
8.149050000000000000e+05 6.861250000000000000e+05
8.367960000000000000e+05 2.833810000000000000e+05
4.435870000000000000e+05 1.521120000000000000e+05
4.432370000000000000e+05 8.821930000000000000e+05
6.893730000000000000e+05 4.817180000000000000e+05
1.716930000000000000e+05 7.215630000000000000e+05
1.722290000000000000e+05 2.081290000000000000e+05
3.586660000000000000e+05 3.691790000000000000e+05
4.973130000000000000e+05 2.975740000000000000e+05
4.502380000000000000e+05 5.224330000000000000e+05
2.290790000000000000e+05 4.878580000000000000e+05
3.772750000000000000e+05 2.215340000000000000e+05
5.899790000000000000e+05 3.946100000000000000e+05
6.917340000000000000e+05 1.701250000000000000e+05
8.404960000000000000e+05 7.692020000000000000e+05
8.116720000000000000e+05 8.050140000000000000e+05
6.935910000000000000e+05 1.397640000000000000e+05
5.596980000000000000e+05 4.037570000000000000e+05
1.208580000000000000e+05 2.408530000000000000e+05
2.035630000000000000e+05 4.886980000000000000e+05
4.276330000000000000e+05 6.715870000000000000e+05
4.862800000000000000e+05 2.987840000000000000e+05
3.700480000000000000e+05 3.741550000000000000e+05
3.787340000000000000e+05 3.605740000000000000e+05
2.313940000000000000e+05 7.267820000000000000e+05
7.645560000000000000e+05 5.017490000000000000e+05
4.765530000000000000e+05 8.291600000000000000e+05
3.758070000000000000e+05 1.857320000000000000e+05
8.857100000000000000e+05 2.079200000000000000e+05
9.400800000000000000e+05 6.687300000000000000e+05
6.172230000000000000e+05 7.592360000000000000e+05
8.204610000000000000e+05 7.978710000000000000e+05
7.204860000000000000e+05 1.630610000000000000e+05
5.399730000000000000e+05 4.350220000000000000e+05
3.838010000000000000e+05 1.703400000000000000e+05
5.209520000000000000e+05 8.239210000000000000e+05
4.427510000000000000e+05 6.378250000000000000e+05
5.637240000000000000e+05 2.469840000000000000e+05
3.423960000000000000e+05 3.913510000000000000e+05
6.430310000000000000e+05 7.117460000000000000e+05
8.302380000000000000e+05 6.293040000000000000e+05
8.062060000000000000e+05 2.429530000000000000e+05
1.792410000000000000e+05 5.250240000000000000e+05
1.386100000000000000e+05 2.431600000000000000e+05
3.312400000000000000e+05 7.174180000000000000e+05
5.483420000000000000e+05 8.684620000000000000e+05
7.450270000000000000e+05 4.899710000000000000e+05
7.642010000000000000e+05 5.048730000000000000e+05
7.805920000000000000e+05 1.216310000000000000e+05
2.768690000000000000e+05 7.310390000000000000e+05
1.673200000000000000e+05 2.279370000000000000e+05
2.053600000000000000e+05 4.924670000000000000e+05
8.500800000000000000e+05 3.016940000000000000e+05
8.258000000000000000e+05 6.399160000000000000e+05
6.329070000000000000e+05 7.233100000000000000e+05
3.668540000000000000e+05 3.792730000000000000e+05
5.451970000000000000e+05 2.189600000000000000e+05
4.441540000000000000e+05 6.145000000000000000e+05
5.523790000000000000e+05 7.874710000000000000e+05
2.756270000000000000e+05 1.611470000000000000e+05
5.185030000000000000e+05 4.270520000000000000e+05
6.752400000000000000e+05 1.494860000000000000e+05
9.540370000000000000e+05 7.540460000000000000e+05
5.876520000000000000e+05 7.246210000000000000e+05
8.477870000000000000e+05 6.163650000000000000e+05
8.024810000000000000e+05 2.453340000000000000e+05
3.967050000000000000e+05 1.692340000000000000e+05
5.272610000000000000e+05 8.900650000000000000e+05
7.054320000000000000e+05 5.149220000000000000e+05
2.292460000000000000e+05 7.211500000000000000e+05
3.770980000000000000e+05 3.477540000000000000e+05
4.416760000000000000e+05 3.619200000000000000e+05
6.287130000000000000e+05 2.289300000000000000e+05
4.359030000000000000e+05 6.078850000000000000e+05
2.527910000000000000e+05 4.995410000000000000e+05
1.372940000000000000e+05 2.299820000000000000e+05
5.115780000000000000e+05 4.779340000000000000e+05
6.676520000000000000e+05 1.260360000000000000e+05
8.071470000000000000e+05 7.760170000000000000e+05
8.030630000000000000e+05 8.095220000000000000e+05
6.827960000000000000e+05 1.516320000000000000e+05
5.353700000000000000e+05 4.264210000000000000e+05
3.398750000000000000e+05 1.618350000000000000e+05
1.058150000000000000e+05 4.412540000000000000e+05
4.265240000000000000e+05 6.267970000000000000e+05
5.616560000000000000e+05 2.426240000000000000e+05
3.991410000000000000e+05 3.631050000000000000e+05
1.342570000000000000e+05 2.812790000000000000e+05
2.493610000000000000e+05 7.485180000000000000e+05
7.327920000000000000e+05 4.389570000000000000e+05
5.102230000000000000e+05 7.922200000000000000e+05
1.855540000000000000e+05 4.348100000000000000e+05
8.019650000000000000e+05 2.077900000000000000e+05
8.344770000000000000e+05 6.154340000000000000e+05
6.404070000000000000e+05 6.993320000000000000e+05
8.086980000000000000e+05 8.138980000000000000e+05
8.402800000000000000e+05 6.437700000000000000e+05
9.136620000000000000e+05 1.349200000000000000e+05
3.786250000000000000e+05 2.493670000000000000e+05
5.641700000000000000e+05 9.185160000000000000e+05
7.681160000000000000e+05 5.012730000000000000e+05
2.216500000000000000e+05 8.522500000000000000e+05
3.987620000000000000e+05 3.850700000000000000e+05
6.340150000000000000e+05 7.484050000000000000e+05
4.935990000000000000e+05 2.747380000000000000e+05
4.448000000000000000e+05 6.119060000000000000e+05
2.031040000000000000e+05 5.523980000000000000e+05
