500 2
8.109280000000000000e+05 5.064680000000000000e+05
1.760230000000000000e+05 2.235350000000000000e+05
2.080730000000000000e+05 3.840640000000000000e+05
6.322360000000000000e+05 7.795060000000000000e+05
5.669480000000000000e+05 4.689910000000000000e+05
8.586970000000000000e+05 8.107830000000000000e+05
5.121440000000000000e+05 6.042650000000000000e+05
6.313550000000000000e+05 2.286620000000000000e+05
3.022470000000000000e+05 4.687350000000000000e+05
5.638150000000000000e+05 3.255530000000000000e+05
2.220570000000000000e+05 5.486490000000000000e+05
6.148570000000000000e+05 3.688110000000000000e+05
7.272820000000000000e+05 6.390160000000000000e+05
3.735770000000000000e+05 4.257520000000000000e+05
4.001350000000000000e+05 3.201960000000000000e+05
3.371540000000000000e+05 7.738730000000000000e+05
3.416570000000000000e+05 7.222110000000000000e+05
5.431340000000000000e+05 5.153870000000000000e+05
7.371630000000000000e+05 7.961210000000000000e+05
7.997210000000000000e+05 7.420000000000000000e+05
2.082840000000000000e+05 2.043910000000000000e+05
8.756160000000000000e+05 4.957840000000000000e+05
2.837870000000000000e+05 3.455600000000000000e+05
2.840230000000000000e+05 4.455290000000000000e+05
6.407910000000000000e+05 2.661020000000000000e+05
4.843310000000000000e+05 2.991240000000000000e+05
3.444290000000000000e+05 4.574560000000000000e+05
5.802990000000000000e+05 4.108350000000000000e+05
6.065380000000000000e+05 7.511560000000000000e+05
4.082670000000000000e+05 3.959760000000000000e+05
3.547340000000000000e+05 2.524420000000000000e+05
7.415890000000000000e+05 4.375290000000000000e+05
3.691440000000000000e+05 8.350180000000000000e+05
4.026150000000000000e+05 2.693640000000000000e+05
3.697200000000000000e+05 4.309160000000000000e+05
5.263450000000000000e+05 7.480790000000000000e+05
5.886310000000000000e+05 4.786830000000000000e+05
3.153730000000000000e+05 5.572200000000000000e+05
5.334570000000000000e+05 2.956480000000000000e+05
3.143550000000000000e+05 4.867000000000000000e+05
5.409680000000000000e+05 7.075060000000000000e+05
1.831360000000000000e+05 4.333520000000000000e+05
8.202330000000000000e+05 4.459660000000000000e+05
1.390870000000000000e+05 1.642040000000000000e+05
7.883340000000000000e+05 6.402630000000000000e+05
7.090720000000000000e+05 8.295540000000000000e+05
5.502190000000000000e+05 5.119030000000000000e+05
5.993940000000000000e+05 2.361260000000000000e+05
3.418520000000000000e+05 7.697280000000000000e+05
4.682260000000000000e+05 3.613360000000000000e+05
4.338060000000000000e+05 4.525930000000000000e+05
8.263580000000000000e+05 5.769910000000000000e+05
2.158750000000000000e+05 1.675070000000000000e+05
3.391670000000000000e+05 5.780440000000000000e+05
5.209720000000000000e+05 2.948340000000000000e+05
2.996470000000000000e+05 4.604760000000000000e+05
6.778770000000000000e+05 2.286740000000000000e+05
4.953710000000000000e+05 5.243030000000000000e+05
7.419970000000000000e+05 7.958850000000000000e+05
5.447870000000000000e+05 4.501760000000000000e+05
5.536540000000000000e+05 8.453740000000000000e+05
2.192990000000000000e+05 3.728490000000000000e+05
3.717910000000000000e+05 2.659000000000000000e+05
6.805090000000000000e+05 4.993740000000000000e+05
7.618040000000000000e+05 4.687880000000000000e+05
3.613430000000000000e+05 2.270740000000000000e+05
3.882420000000000000e+05 4.755140000000000000e+05
5.964880000000000000e+05 7.960240000000000000e+05
5.638430000000000000e+05 4.546730000000000000e+05
7.619470000000000000e+05 7.693380000000000000e+05
5.272680000000000000e+05 3.323730000000000000e+05
6.273980000000000000e+05 3.182920000000000000e+05
3.206660000000000000e+05 4.936890000000000000e+05
2.205290000000000000e+05 3.653230000000000000e+05
3.545750000000000000e+05 5.670960000000000000e+05
2.321610000000000000e+05 2.044100000000000000e+05
8.016540000000000000e+05 6.653790000000000000e+05
7.644170000000000000e+05 7.797110000000000000e+05
4.568990000000000000e+05 5.358570000000000000e+05
3.653730000000000000e+05 7.909160000000000000e+05
6.408010000000000000e+05 2.143450000000000000e+05
5.477980000000000000e+05 5.723990000000000000e+05
7.870950000000000000e+05 6.571280000000000000e+05
7.246590000000000000e+05 6.422750000000000000e+05
1.654780000000000000e+05 2.054060000000000000e+05
7.600880000000000000e+05 4.224670000000000000e+05
2.746050000000000000e+05 3.409650000000000000e+05
6.039690000000000000e+05 7.705260000000000000e+05
3.034430000000000000e+05 4.813750000000000000e+05
5.470750000000000000e+05 3.031000000000000000e+05
3.325620000000000000e+05 6.385160000000000000e+05
5.513260000000000000e+05 3.898830000000000000e+05
7.627280000000000000e+05 6.501650000000000000e+05
4.279870000000000000e+05 3.923200000000000000e+05
3.479540000000000000e+05 3.666390000000000000e+05
3.434360000000000000e+05 7.596860000000000000e+05
3.126760000000000000e+05 7.485950000000000000e+05
4.195910000000000000e+05 3.874370000000000000e+05
4.409980000000000000e+05 4.068100000000000000e+05
6.535110000000000000e+05 7.845970000000000000e+05
5.175080000000000000e+05 5.137030000000000000e+05
3.922020000000000000e+05 5.866080000000000000e+05
5.295100000000000000e+05 2.873470000000000000e+05
5.347420000000000000e+05 2.125160000000000000e+05
3.139820000000000000e+05 4.679350000000000000e+05
2.072570000000000000e+05 3.435050000000000000e+05
8.225880000000000000e+05 4.979250000000000000e+05
2.031850000000000000e+05 1.623390000000000000e+05
7.706160000000000000e+05 4.921120000000000000e+05
6.828580000000000000e+05 8.026630000000000000e+05
4.655130000000000000e+05 5.291320000000000000e+05
6.257380000000000000e+05 2.144400000000000000e+05
4.133560000000000000e+05 7.553100000000000000e+05
3.792280000000000000e+05 2.314190000000000000e+05
4.189100000000000000e+05 3.983090000000000000e+05
7.683550000000000000e+05 6.229270000000000000e+05
2.006880000000000000e+05 2.701850000000000000e+05
3.688550000000000000e+05 6.478090000000000000e+05
5.233530000000000000e+05 3.194290000000000000e+05
2.873390000000000000e+05 4.603410000000000000e+05
6.807120000000000000e+05 2.161390000000000000e+05
4.772520000000000000e+05 5.117170000000000000e+05
8.519140000000000000e+05 7.874520000000000000e+05
5.219300000000000000e+05 5.160220000000000000e+05
5.794930000000000000e+05 8.280040000000000000e+05
2.389280000000000000e+05 3.282620000000000000e+05
1.981100000000000000e+05 2.879640000000000000e+05
7.533220000000000000e+05 4.114370000000000000e+05
7.038390000000000000e+05 4.498120000000000000e+05
2.542190000000000000e+05 2.568380000000000000e+05
2.590730000000000000e+05 2.105130000000000000e+05
5.773460000000000000e+05 8.104030000000000000e+05
5.735750000000000000e+05 4.371530000000000000e+05
8.015310000000000000e+05 8.419830000000000000e+05
5.103720000000000000e+05 6.118260000000000000e+05
6.166940000000000000e+05 3.294940000000000000e+05
3.030790000000000000e+05 4.651460000000000000e+05
5.615220000000000000e+05 3.139980000000000000e+05
3.807470000000000000e+05 5.899490000000000000e+05
1.766850000000000000e+05 2.044450000000000000e+05
6.145090000000000000e+05 6.500540000000000000e+05
4.714410000000000000e+05 4.238640000000000000e+05
3.516300000000000000e+05 2.455300000000000000e+05
3.555060000000000000e+05 7.602190000000000000e+05
7.600990000000000000e+05 2.054820000000000000e+05
5.031690000000000000e+05 5.843190000000000000e+05
7.452890000000000000e+05 7.832190000000000000e+05
7.727140000000000000e+05 6.396110000000000000e+05
2.794030000000000000e+05 1.929340000000000000e+05
7.626770000000000000e+05 4.510920000000000000e+05
2.444630000000000000e+05 3.565410000000000000e+05
3.065830000000000000e+05 4.667080000000000000e+05
3.142640000000000000e+05 4.720720000000000000e+05
5.276470000000000000e+05 2.865480000000000000e+05
3.456250000000000000e+05 6.872940000000000000e+05
5.423980000000000000e+05 4.099800000000000000e+05
6.004460000000000000e+05 7.301140000000000000e+05
4.520240000000000000e+05 4.095970000000000000e+05
3.054160000000000000e+05 2.509620000000000000e+05
3.562380000000000000e+05 6.863120000000000000e+05
3.373310000000000000e+05 7.666460000000000000e+05
3.928400000000000000e+05 2.592600000000000000e+05
4.493370000000000000e+05 3.971430000000000000e+05
7.740430000000000000e+05 6.485100000000000000e+05
5.732060000000000000e+05 3.643240000000000000e+05
3.325930000000000000e+05 5.308480000000000000e+05
6.142670000000000000e+05 2.518230000000000000e+05
3.013290000000000000e+05 4.799740000000000000e+05
7.002490000000000000e+05 7.942050000000000000e+05
2.097200000000000000e+05 3.561370000000000000e+05
8.651000000000000000e+05 4.443830000000000000e+05
1.971620000000000000e+05 1.907460000000000000e+05
8.987280000000000000e+05 5.817720000000000000e+05
6.562050000000000000e+05 7.904650000000000000e+05
4.379480000000000000e+05 6.758570000000000000e+05
7.049980000000000000e+05 2.202690000000000000e+05
2.574000000000000000e+05 8.582670000000000000e+05
5.052810000000000000e+05 5.790150000000000000e+05
7.895610000000000000e+05 7.845630000000000000e+05
7.304840000000000000e+05 7.144490000000000000e+05
2.509920000000000000e+05 2.892080000000000000e+05
4.252440000000000000e+05 6.336700000000000000e+05
1.970980000000000000e+05 3.907740000000000000e+05
3.005530000000000000e+05 4.759750000000000000e+05
6.392360000000000000e+05 2.333340000000000000e+05
4.482850000000000000e+05 3.834110000000000000e+05
3.439180000000000000e+05 6.377500000000000000e+05
6.008210000000000000e+05 3.978430000000000000e+05
6.681720000000000000e+05 8.266550000000000000e+05
4.299770000000000000e+05 4.405010000000000000e+05
3.619660000000000000e+05 2.345020000000000000e+05
7.834750000000000000e+05 4.448340000000000000e+05
7.789660000000000000e+05 4.906400000000000000e+05
3.400730000000000000e+05 3.093100000000000000e+05
2.725700000000000000e+05 2.535630000000000000e+05
5.751550000000000000e+05 7.820740000000000000e+05
5.666880000000000000e+05 4.474610000000000000e+05
9.006680000000000000e+05 7.443120000000000000e+05
4.497050000000000000e+05 3.988270000000000000e+05
6.339150000000000000e+05 2.129040000000000000e+05
2.479590000000000000e+05 3.720040000000000000e+05
5.246850000000000000e+05 3.106620000000000000e+05
3.551070000000000000e+05 5.854930000000000000e+05
2.696210000000000000e+05 2.234050000000000000e+05
8.169560000000000000e+05 6.485080000000000000e+05
4.929180000000000000e+05 4.110270000000000000e+05
3.611340000000000000e+05 1.912370000000000000e+05
4.059650000000000000e+05 8.144470000000000000e+05
6.386180000000000000e+05 3.317240000000000000e+05
5.317550000000000000e+05 5.896970000000000000e+05
7.724890000000000000e+05 7.598860000000000000e+05
6.901110000000000000e+05 6.797390000000000000e+05
1.578430000000000000e+05 2.321820000000000000e+05
8.243810000000000000e+05 4.338410000000000000e+05
2.229200000000000000e+05 3.814300000000000000e+05
4.818320000000000000e+05 6.739180000000000000e+05
2.735060000000000000e+05 4.302290000000000000e+05
5.816470000000000000e+05 3.507320000000000000e+05
2.750570000000000000e+05 5.620200000000000000e+05
6.330120000000000000e+05 4.045930000000000000e+05
5.351150000000000000e+05 8.049400000000000000e+05
4.342650000000000000e+05 4.005750000000000000e+05
4.543700000000000000e+05 2.168870000000000000e+05
3.279760000000000000e+05 7.853790000000000000e+05
2.343760000000000000e+05 7.255150000000000000e+05
3.649120000000000000e+05 2.550100000000000000e+05
4.390590000000000000e+05 4.291630000000000000e+05
5.783560000000000000e+05 8.296020000000000000e+05
4.841860000000000000e+05 6.203760000000000000e+05
3.423570000000000000e+05 6.338590000000000000e+05
5.228110000000000000e+05 2.951820000000000000e+05
6.926590000000000000e+05 1.996070000000000000e+05
3.119800000000000000e+05 4.890010000000000000e+05
2.189000000000000000e+05 3.943330000000000000e+05
7.604010000000000000e+05 4.544730000000000000e+05
2.091300000000000000e+05 2.126090000000000000e+05
7.977390000000000000e+05 6.743920000000000000e+05
7.458000000000000000e+05 7.801140000000000000e+05
5.185230000000000000e+05 7.317550000000000000e+05
3.403280000000000000e+05 7.337120000000000000e+05
3.424860000000000000e+05 7.129160000000000000e+05
2.615060000000000000e+05 1.775030000000000000e+05
4.354150000000000000e+05 4.063170000000000000e+05
7.642000000000000000e+05 6.427570000000000000e+05
5.774590000000000000e+05 4.562140000000000000e+05
3.414010000000000000e+05 6.449180000000000000e+05
3.413900000000000000e+05 1.707490000000000000e+05
3.022810000000000000e+05 4.672450000000000000e+05
6.456920000000000000e+05 2.515050000000000000e+05
5.543250000000000000e+05 4.705560000000000000e+05
7.850380000000000000e+05 7.750650000000000000e+05
5.441700000000000000e+05 4.129060000000000000e+05
5.761320000000000000e+05 7.053930000000000000e+05
2.283040000000000000e+05 3.768240000000000000e+05
2.094180000000000000e+05 2.135570000000000000e+05
7.685360000000000000e+05 4.471070000000000000e+05
7.139720000000000000e+05 4.636400000000000000e+05
1.859190000000000000e+05 2.154970000000000000e+05
2.477590000000000000e+05 4.245670000000000000e+05
7.239200000000000000e+05 8.507440000000000000e+05
6.107740000000000000e+05 3.001420000000000000e+05
7.560840000000000000e+05 7.983970000000000000e+05
5.084810000000000000e+05 6.506820000000000000e+05
7.242320000000000000e+05 1.887800000000000000e+05
3.344290000000000000e+05 5.067210000000000000e+05
4.040840000000000000e+05 4.077200000000000000e+05
3.788300000000000000e+05 5.831180000000000000e+05
1.899710000000000000e+05 2.267890000000000000e+05
8.521340000000000000e+05 6.229790000000000000e+05
4.608820000000000000e+05 3.532410000000000000e+05
4.830450000000000000e+05 2.037440000000000000e+05
3.393840000000000000e+05 7.679350000000000000e+05
6.634790000000000000e+05 2.947640000000000000e+05
5.022540000000000000e+05 5.999760000000000000e+05
7.649250000000000000e+05 7.812150000000000000e+05
7.580400000000000000e+05 6.733190000000000000e+05
1.918710000000000000e+05 2.127340000000000000e+05
7.535770000000000000e+05 4.920700000000000000e+05
2.353980000000000000e+05 2.565790000000000000e+05
2.991800000000000000e+05 4.606670000000000000e+05
6.830480000000000000e+05 2.259170000000000000e+05
5.421950000000000000e+05 2.956740000000000000e+05
3.591390000000000000e+05 5.914560000000000000e+05
5.673010000000000000e+05 5.822010000000000000e+05
5.686140000000000000e+05 7.879740000000000000e+05
4.240260000000000000e+05 4.271430000000000000e+05
3.653050000000000000e+05 2.580530000000000000e+05
3.111180000000000000e+05 6.886740000000000000e+05
3.387020000000000000e+05 7.816520000000000000e+05
3.500170000000000000e+05 2.643790000000000000e+05
5.159130000000000000e+05 4.383580000000000000e+05
5.756210000000000000e+05 7.629060000000000000e+05
6.355610000000000000e+05 2.790770000000000000e+05
3.404910000000000000e+05 5.791520000000000000e+05
5.402150000000000000e+05 2.290310000000000000e+05
3.033790000000000000e+05 4.593130000000000000e+05
6.152730000000000000e+05 7.696560000000000000e+05
2.719430000000000000e+05 3.005830000000000000e+05
7.601200000000000000e+05 4.294620000000000000e+05
1.519300000000000000e+05 2.051000000000000000e+05
7.737310000000000000e+05 7.145560000000000000e+05
7.553340000000000000e+05 7.999690000000000000e+05
4.823610000000000000e+05 4.826410000000000000e+05
5.667810000000000000e+05 2.532010000000000000e+05
3.893900000000000000e+05 7.762920000000000000e+05
5.449570000000000000e+05 5.059680000000000000e+05
4.348680000000000000e+05 4.087110000000000000e+05
7.915890000000000000e+05 6.334390000000000000e+05
2.236220000000000000e+05 2.058310000000000000e+05
3.781280000000000000e+05 6.028070000000000000e+05
2.279400000000000000e+05 2.423480000000000000e+05
3.008650000000000000e+05 4.669920000000000000e+05
7.785870000000000000e+05 2.786210000000000000e+05
5.641820000000000000e+05 2.929500000000000000e+05
7.699170000000000000e+05 7.790790000000000000e+05
5.864780000000000000e+05 5.677940000000000000e+05
5.973960000000000000e+05 7.531380000000000000e+05
5.552990000000000000e+05 3.785270000000000000e+05
2.888430000000000000e+05 2.187990000000000000e+05
8.854410000000000000e+05 4.899190000000000000e+05
7.498740000000000000e+05 4.723590000000000000e+05
4.790130000000000000e+05 2.354150000000000000e+05
4.285310000000000000e+05 3.890630000000000000e+05
6.012710000000000000e+05 6.182090000000000000e+05
5.831980000000000000e+05 4.442880000000000000e+05
3.005450000000000000e+05 4.264960000000000000e+05
5.471560000000000000e+05 2.788230000000000000e+05
6.734650000000000000e+05 2.313920000000000000e+05
2.957320000000000000e+05 4.674800000000000000e+05
2.763730000000000000e+05 3.203760000000000000e+05
7.758010000000000000e+05 4.940740000000000000e+05
1.809940000000000000e+05 1.819050000000000000e+05
7.404650000000000000e+05 7.612540000000000000e+05
7.600010000000000000e+05 8.136330000000000000e+05
4.858990000000000000e+05 6.182920000000000000e+05
4.017380000000000000e+05 8.219840000000000000e+05
6.784670000000000000e+05 2.885670000000000000e+05
5.005340000000000000e+05 5.944060000000000000e+05
8.410190000000000000e+05 6.937150000000000000e+05
5.613140000000000000e+05 4.334690000000000000e+05
1.801370000000000000e+05 2.123010000000000000e+05
7.928800000000000000e+05 3.759220000000000000e+05
2.157080000000000000e+05 3.375340000000000000e+05
5.751020000000000000e+05 7.826960000000000000e+05
2.935520000000000000e+05 4.700290000000000000e+05
5.162510000000000000e+05 3.876200000000000000e+05
3.374570000000000000e+05 6.737250000000000000e+05
6.179570000000000000e+05 4.307620000000000000e+05
8.102120000000000000e+05 6.086590000000000000e+05
4.312230000000000000e+05 4.130970000000000000e+05
3.293920000000000000e+05 2.302990000000000000e+05
2.866460000000000000e+05 8.026910000000000000e+05
2.707980000000000000e+05 7.611230000000000000e+05
3.682530000000000000e+05 2.590400000000000000e+05
5.199700000000000000e+05 3.779940000000000000e+05
5.907340000000000000e+05 7.397550000000000000e+05
6.026730000000000000e+05 4.473280000000000000e+05
3.080470000000000000e+05 5.596740000000000000e+05
4.366050000000000000e+05 2.818040000000000000e+05
3.049100000000000000e+05 4.663960000000000000e+05
3.007860000000000000e+05 4.797100000000000000e+05
3.293480000000000000e+05 5.078570000000000000e+05
7.566070000000000000e+05 4.933800000000000000e+05
1.084830000000000000e+05 2.290590000000000000e+05
6.779600000000000000e+05 5.647460000000000000e+05
7.514990000000000000e+05 8.670890000000000000e+05
4.787880000000000000e+05 5.365460000000000000e+05
6.370150000000000000e+05 1.944510000000000000e+05
3.129750000000000000e+05 7.714920000000000000e+05
3.977780000000000000e+05 2.709930000000000000e+05
4.394000000000000000e+05 4.176580000000000000e+05
7.810440000000000000e+05 6.458220000000000000e+05
2.033370000000000000e+05 1.834730000000000000e+05
2.811680000000000000e+05 6.253180000000000000e+05
5.671560000000000000e+05 3.230510000000000000e+05
3.072620000000000000e+05 4.659930000000000000e+05
6.608460000000000000e+05 2.180970000000000000e+05
5.682440000000000000e+05 5.710070000000000000e+05
8.683360000000000000e+05 6.930700000000000000e+05
5.589150000000000000e+05 4.793210000000000000e+05
5.843890000000000000e+05 7.734260000000000000e+05
2.335310000000000000e+05 3.132200000000000000e+05
3.825860000000000000e+05 3.539020000000000000e+05
7.696290000000000000e+05 4.686640000000000000e+05
7.681180000000000000e+05 4.520720000000000000e+05
1.310480000000000000e+05 2.642770000000000000e+05
1.778420000000000000e+05 3.292760000000000000e+05
6.056840000000000000e+05 7.894880000000000000e+05
5.358700000000000000e+05 3.647520000000000000e+05
6.826200000000000000e+05 7.367490000000000000e+05
5.280150000000000000e+05 5.804500000000000000e+05
7.324570000000000000e+05 2.752020000000000000e+05
3.004920000000000000e+05 4.727710000000000000e+05
5.435290000000000000e+05 2.645770000000000000e+05
3.790600000000000000e+05 5.366220000000000000e+05
2.234330000000000000e+05 8.528200000000000000e+04
7.147910000000000000e+05 6.164520000000000000e+05
3.273370000000000000e+05 4.419760000000000000e+05
3.960290000000000000e+05 3.280310000000000000e+05
3.518280000000000000e+05 7.880140000000000000e+05
6.362140000000000000e+05 1.995660000000000000e+05
5.360560000000000000e+05 5.923160000000000000e+05
5.917640000000000000e+05 9.403470000000000000e+05
7.159250000000000000e+05 6.529440000000000000e+05
1.818010000000000000e+05 2.125880000000000000e+05
7.889580000000000000e+05 4.701720000000000000e+05
2.194870000000000000e+05 2.939420000000000000e+05
2.987450000000000000e+05 4.640840000000000000e+05
6.504510000000000000e+05 2.144540000000000000e+05
6.197220000000000000e+05 3.435470000000000000e+05
4.160200000000000000e+05 5.794900000000000000e+05
5.950300000000000000e+05 4.261540000000000000e+05
6.230390000000000000e+05 7.716510000000000000e+05
4.511510000000000000e+05 3.999280000000000000e+05
3.319840000000000000e+05 2.645930000000000000e+05
3.221640000000000000e+05 7.769420000000000000e+05
3.394750000000000000e+05 7.665220000000000000e+05
4.367660000000000000e+05 1.275440000000000000e+05
4.171520000000000000e+05 3.672960000000000000e+05
7.844300000000000000e+05 6.016650000000000000e+05
5.899080000000000000e+05 4.922400000000000000e+05
4.554600000000000000e+05 5.449650000000000000e+05
5.241630000000000000e+05 2.436830000000000000e+05
3.181960000000000000e+05 4.754280000000000000e+05
5.740580000000000000e+05 6.705640000000000000e+05
1.780500000000000000e+05 2.676050000000000000e+05
7.655720000000000000e+05 4.501610000000000000e+05
1.784910000000000000e+05 2.095920000000000000e+05
7.909520000000000000e+05 6.458190000000000000e+05
6.956350000000000000e+05 8.045210000000000000e+05
5.111680000000000000e+05 6.002670000000000000e+05
6.096280000000000000e+05 2.936000000000000000e+05
2.881110000000000000e+05 7.472910000000000000e+05
5.232800000000000000e+05 6.042750000000000000e+05
7.492740000000000000e+05 8.319110000000000000e+05
7.696850000000000000e+05 6.348980000000000000e+05
2.833330000000000000e+05 1.411280000000000000e+05
3.051970000000000000e+05 6.094380000000000000e+05
2.137900000000000000e+05 2.192090000000000000e+05
3.042550000000000000e+05 4.795170000000000000e+05
6.714000000000000000e+05 2.135070000000000000e+05
5.294620000000000000e+05 3.061830000000000000e+05
3.970700000000000000e+05 5.381560000000000000e+05
5.741120000000000000e+05 4.391460000000000000e+05
6.184400000000000000e+05 7.765920000000000000e+05
4.407300000000000000e+05 4.007770000000000000e+05
3.354510000000000000e+05 3.542750000000000000e+05
7.784630000000000000e+05 4.428600000000000000e+05
7.804200000000000000e+05 3.988460000000000000e+05
4.003350000000000000e+05 2.374320000000000000e+05
2.325430000000000000e+05 3.379600000000000000e+05
6.140720000000000000e+05 7.749480000000000000e+05
5.517920000000000000e+05 5.453430000000000000e+05
8.401600000000000000e+05 8.003260000000000000e+05
5.058050000000000000e+05 5.409080000000000000e+05
7.348770000000000000e+05 2.278670000000000000e+05
3.058600000000000000e+05 4.716690000000000000e+05
5.157970000000000000e+05 4.481740000000000000e+05
2.933000000000000000e+05 6.274850000000000000e+05
1.862490000000000000e+05 2.176150000000000000e+05
7.980950000000000000e+05 6.240520000000000000e+05
4.517810000000000000e+05 3.531090000000000000e+05
4.240570000000000000e+05 1.797000000000000000e+05
2.828990000000000000e+05 7.822090000000000000e+05
6.795990000000000000e+05 1.692450000000000000e+05
4.835060000000000000e+05 6.166260000000000000e+05
7.744340000000000000e+05 7.835930000000000000e+05
7.705700000000000000e+05 6.425880000000000000e+05
2.001960000000000000e+05 2.398090000000000000e+05
6.558840000000000000e+05 4.502760000000000000e+05
2.221900000000000000e+05 3.085750000000000000e+05
6.230860000000000000e+05 7.773440000000000000e+05
3.339720000000000000e+05 5.189830000000000000e+05
5.475460000000000000e+05 2.170230000000000000e+05
4.012210000000000000e+05 8.160810000000000000e+05
6.134790000000000000e+05 2.904190000000000000e+05
7.138470000000000000e+05 8.299460000000000000e+05
3.520360000000000000e+05 4.039860000000000000e+05
3.815710000000000000e+05 2.452660000000000000e+05
3.082760000000000000e+05 8.333460000000000000e+05
3.381610000000000000e+05 7.660920000000000000e+05
4.322010000000000000e+05 2.882630000000000000e+05
4.833370000000000000e+05 3.739740000000000000e+05
5.784230000000000000e+05 7.442830000000000000e+05
5.862120000000000000e+05 4.371460000000000000e+05
3.857970000000000000e+05 6.349820000000000000e+05
5.840910000000000000e+05 2.855690000000000000e+05
6.567190000000000000e+05 2.371590000000000000e+05
2.739590000000000000e+05 4.361470000000000000e+05
2.321010000000000000e+05 3.646180000000000000e+05
7.849330000000000000e+05 4.692550000000000000e+05
2.226070000000000000e+05 2.700490000000000000e+05
7.475930000000000000e+05 6.111620000000000000e+05
7.514650000000000000e+05 7.743990000000000000e+05
5.653150000000000000e+05 5.707090000000000000e+05
3.565460000000000000e+05 6.729190000000000000e+05
4.173200000000000000e+05 8.876710000000000000e+05
3.682720000000000000e+05 2.944140000000000000e+05
4.295380000000000000e+05 4.256240000000000000e+05
7.478410000000000000e+05 6.947440000000000000e+05
